(-inf, -879.80500674053, -inf)
(-inf, -879.80500674053, -inf)
(-inf, -879.80500674053, -inf)
(-inf, -871.0118579320629, -inf)
(-inf, -879.80500674053, -inf)
(-inf, -879.80500674053, -inf)
(-inf, -879.80500674053, -inf)
(-inf, -879.80500674053, -inf)
(-inf, -879.80500674053, -inf)
(-inf, -879.80500674053, -inf)
(-inf, -827.9327799844733, -inf)
(-inf, -774.2203311333552, -inf)
(-inf, -861.0787357282006, -inf)
(-inf, -856.1643353060037, -inf)
(-inf, -839.9808492868273, -inf)
(-inf, -866.1363122626218, -inf)
(-inf, -856.4634761106969, -inf)
(-inf, -851.2416830375266, -inf)
(-inf, -879.80500674053, -inf)
(-inf, -879.80500674053, -inf)
(-inf, -1146.8866063966468, -inf)
(-inf, -873.82065517304, -inf)
(-inf, -879.80500674053, -inf)
(-inf, -879.80500674053, -inf)
(-inf, -879.3108760567798, -inf)
(-inf, -879.80500674053, -inf)
(-inf, -879.80500674053, -inf)
(-inf, -879.80500674053, -inf)
(-inf, -879.80500674053, -inf)
(-inf, -879.80500674053, -inf)
(-inf, -1097.2635637408362, -inf)
(-inf, -878.4601465035354, -inf)
(-inf, -879.80500674053, -inf)
(-inf, -879.80500674053, -inf)
(-inf, -878.0518256052062, -inf)
(-inf, -879.80500674053, -inf)
(-inf, -879.80500674053, -inf)
(-inf, -877.5787708124861, -inf)
(-inf, -878.9826363361091, -inf)
(-inf, -879.80500674053, -inf)
(-inf, -1027.9087788397314, -inf)
(-inf, -879.3313041300989, -inf)
(-inf, -876.5598490406721, -inf)
(-inf, -878.1228625033697, -inf)
(-inf, -879.80500674053, -inf)
(-inf, -877.0760008176475, -inf)
(-inf, -878.0518256052062, -inf)
(-inf, -870.1970819953941, -inf)
(-inf, -879.80500674053, -inf)
(-inf, -879.80500674053, -inf)
(-inf, -919.7734748050714, -inf)
(-inf, -875.7819434398812, -inf)
(-inf, -874.8009358148153, -inf)
(-inf, -879.80500674053, -inf)
(-inf, -871.2598457056858, -inf)
(-inf, -863.5791326065062, -inf)
(-inf, -877.1282661186417, -inf)
(-inf, -868.1627497929176, -inf)
(-inf, -878.3247497042883, -inf)
(-inf, -879.80500674053, -inf)
(-inf, -901.2337579607407, -inf)
(-inf, -874.2099815059711, -inf)
(-inf, -874.1489562030018, -inf)
(-inf, -877.5970342760976, -inf)
(-inf, -876.8942623193493, -inf)
(-inf, -871.3225885504295, -inf)
(-inf, -876.3694290472342, -inf)
(-inf, -877.8030496852091, -inf)
(-inf, -879.80500674053, -inf)
(-inf, -869.8277475691164, -inf)
(-inf, -962.9644363012155, -inf)
(-inf, -866.9308842797026, -inf)
(-inf, -870.9696531106598, -inf)
(-inf, -865.7968668474753, -inf)
(-inf, -869.300158523488, -inf)
(-inf, -875.6421747907068, -inf)
(-inf, -876.5871180677238, -inf)
(-inf, -878.0929610515624, -inf)
(-inf, -879.80500674053, -inf)
(-inf, -878.0814747362019, -inf)
(-inf, -976.0387715587927, -inf)
(-inf, -863.7074216097584, -inf)
(-inf, -874.6733781568314, -inf)
(-inf, -840.6653312997095, -inf)
(-inf, -871.3051242494492, -inf)
(-inf, -847.4851313235331, -inf)
(-inf, -857.296339884426, -inf)
(-inf, -877.1192948736773, -inf)
(-inf, -798.9023031274786, -inf)
(-inf, -879.3237034606468, -inf)
(-inf, -940.7664466584238, -inf)
(-inf, -876.5598490406721, -inf)
(-inf, -871.2248965576584, -inf)
(-inf, -878.094975811479, -inf)
(-inf, -878.360027561823, -inf)
(-inf, -871.3531285061175, -inf)
(-inf, -868.9690161691582, -inf)
(-inf, -876.7698616030077, -inf)
(-inf, -876.3712287272939, -inf)
(-inf, -876.3788584096548, -inf)
(-inf, -965.9595165751105, -inf)
(-inf, -863.8986541702259, -inf)
(-inf, -879.3224825606555, -inf)
(-inf, -876.8997953410451, -inf)
(-inf, -868.9703730084628, -inf)
(-inf, -878.0802182764759, -inf)
(-inf, -877.9393990735615, -inf)
(-inf, -877.8685440481515, -inf)
(-inf, -877.0659977782088, -inf)
(-inf, -879.80500674053, -inf)
(-inf, -723.9329339042589, -inf)
(-inf, -869.2064146901264, -inf)
(-inf, -876.3190463518738, -inf)
(-inf, -876.374249122211, -inf)
(-inf, -876.2165319862614, -inf)
(-inf, -875.1522431399964, -inf)
(-inf, -877.362965977723, -inf)
(-inf, -876.377161485276, -inf)
(-inf, -873.3384859624562, -inf)
(-inf, -878.0892071742437, -inf)
(-inf, -917.6956657065545, -inf)
(-inf, -877.7038413333231, -inf)
(-inf, -870.7784777083309, -inf)
(-inf, -869.4940803059332, -inf)
(-inf, -868.3443758931458, -inf)
(-inf, -872.8036113694833, -inf)
(-inf, -871.4461363693239, -inf)
(-inf, -846.5232495232735, -inf)
(-inf, -840.0883340799664, -inf)
(-inf, -851.1387000091651, -inf)
(-inf, -892.7102045624572, -inf)
(-inf, -804.5254325275898, -inf)
(-inf, -814.0924539709688, -inf)
(-inf, -796.8904706201945, -inf)
(-inf, -791.018208424987, -inf)
(-inf, -796.8904706201945, -inf)
(-inf, -796.8904706201945, -inf)
(-inf, -796.8904706201945, -inf)
(-inf, -746.6865107357422, -inf)
(-inf, -742.4244828078173, -inf)
(-inf, -887.0636798609754, -inf)
(-inf, -819.4180014482785, -inf)
(-inf, -826.0083066576228, -inf)
(-inf, -837.4716625837434, -inf)
(-inf, -841.0186581061284, -inf)
(-3.3789510106960315e+75, -746.5664146665417, -9.3859750297112e+72)
(-inf, -742.2665823126208, -inf)
(-inf, -738.8162685099454, -inf)
(-inf, -746.5664146665417, -inf)
(-inf, -707.5127855722105, -inf)
(-inf, -830.8297755874846, -inf)
(-inf, -833.9492334262728, -inf)
(-inf, -833.9492334262728, -inf)
(-inf, -745.3184345007157, -inf)
(-inf, -833.9492334262728, -inf)
(-inf, -833.9492334262728, -inf)
(-3.2782591927101687e+117, -833.9492334262728, -9.106275535337709e+114)
(-inf, -833.9492334262728, -inf)
(-7.848340818473322e+101, -833.9492334262728, -2.180094671798145e+99)
(-inf, -751.7831600751027, -inf)
(-2.3221024399563605e+77, -724.383767945691, -6.450284555434334e+74)
(-inf, -753.7013319791806, -inf)
(-inf, -748.6736238534959, -inf)
(-inf, -731.673260468595, -inf)
(-inf, -689.8466471089392, -inf)
(-inf, -740.8738846771935, -inf)
(-inf, -699.5524035153753, -inf)
(-1.1555001693814212e+143, -687.9094640261709, -3.2098085307887247e+140)
(-1.1557873816364443e+146, -734.4717915633894, -3.2105205045456783e+143)
(-5.611197774987595e+124, -702.9755355437363, -1.5586660486076654e+122)
(-1.5422951191175232e+100, -878.4851780489578, -4.284153108659787e+97)
(-inf, -741.3427299507226, -inf)
(-inf, -734.8597986135112, -inf)
(-inf, -709.1483797482041, -inf)
(-inf, -698.8669090654828, -inf)
(-1.1898034595438e+38, -702.9986321119848, -3.3050141823524148e+35)
(-inf, -740.8738846771935, -inf)
(-inf, -740.8738846771935, -inf)
(-inf, -739.7204568798999, -inf)
(-inf, -368.4346677625076, -inf)
(-inf, -869.962450117855, -inf)
(-inf, -368.4346677625076, -inf)
(-inf, -368.4346677625076, -inf)
(-2.005860779030571e+19, -368.4346677625076, -5.5718354973114264e+16)
(-inf, -368.4346677625076, -inf)
(-inf, -368.4346677625076, -inf)
(-inf, -368.4346677625076, -inf)
(-inf, -368.4346677625076, -inf)
(-1.0861764148587981e+111, -368.4346677625076, -3.017156707941106e+108)
(-inf, -368.4346677625076, -inf)
(-inf, -353.6726741328872, -inf)
(-inf, -368.4346677625076, -inf)
(-inf, -368.4346677625076, -inf)
(-inf, -355.8523127687881, -inf)
(-inf, -368.4346677625076, -inf)
(-inf, -368.4346677625076, -inf)
(-inf, -368.4346677625076, -inf)
(-inf, -368.4346677625076, -inf)
(-2.969104902594614e+62, -368.4346677625076, -8.56165799551916e+59)
(-inf, -368.4346677625076, -inf)
(-inf, -490.9716808965601, -inf)
(-inf, -368.4346677625076, -inf)
(-inf, -368.4346677625076, -inf)
(-inf, -368.4346677625076, -inf)
(-inf, -368.4346677625076, -inf)
(-inf, -368.4346677625076, -inf)
(-inf, -368.4346677625076, -inf)
(-inf, -368.4346677625076, -inf)
(-inf, -368.4346677625076, -inf)
(-inf, -368.4346677625076, -inf)
(-inf, -710.5043165231504, -inf)
(-inf, -368.4346677625076, -inf)
(-inf, -368.4346677625076, -inf)
(-inf, -368.4346677625076, -inf)
(-inf, -365.1419141575076, -inf)
(-inf, -368.4346677625076, -inf)
(-inf, -368.4346677625076, -inf)
(-inf, -368.4346677625076, -inf)
(-inf, -368.4346677625076, -inf)
(-1.1000578083132444e+61, -368.4346677625076, -3.0557161342034566e+58)
(-2.379056020059159e+121, -510.6465445875056, -6.608489111565354e+118)
(-inf, -368.4346677625076, -inf)
(-inf, -355.8523127687881, -inf)
(-inf, -368.4346677625076, -inf)
(-1.8248606912073375e+124, -368.4346677625076, -5.069057475575937e+121)
(-inf, -336.86551002087293, -inf)
(-1.2209452543119639e+61, -368.4346677625076, -6.143715947098327e+58)
(-1.7746681787083945e+114, -368.4346677625076, -4.929633829745541e+111)
(-inf, -368.4346677625076, -inf)
(-inf, -368.4346677625076, -inf)
(-inf, -475.45546510139866, -inf)
(-inf, -368.4346677625076, -inf)
(-inf, -365.1419141575076, -inf)
(-inf, -368.4346677625076, -inf)
(-8.828810953496047e+60, -368.4346677625076, -2.4528031533032437e+58)
(-inf, -368.4346677625076, -inf)
(-inf, -368.4346677625076, -inf)
(-7.80277974396243e+134, -368.4346677625076, -2.1674388177673416e+132)
(-inf, -368.4346677625076, -inf)
(-inf, -368.4346677625076, -inf)
(-inf, -710.5043165231504, -inf)
(-inf, -368.4346677625076, -inf)
(-inf, -368.4346677625076, -inf)
(-inf, -368.4346677625076, -inf)
(-9.611775563403424e+60, -368.4346677625076, -4.668682049072093e+58)
(-inf, -368.4346677625076, -inf)
(-inf, -368.4346677625076, -inf)
(-inf, -368.4346677625076, -inf)
(-inf, -368.4346677625076, -inf)
(-inf, -368.4346677625076, -inf)
(-inf, -710.5043165231504, -inf)
(-inf, -368.4346677625076, -inf)
(-inf, -368.4346677625076, -inf)
(-inf, -368.4346677625076, -inf)
(-8.934180536859668e+60, -368.4346677625076, -4.0711850278934505e+58)
(-inf, -368.4346677625076, -inf)
(-inf, -368.4346677625076, -inf)
(-4.116751637940986e+97, -368.4346677625076, -1.292572523159195e+95)
(-inf, -368.4346677625076, -inf)
(-inf, -368.4346677625076, -inf)
(-inf, -552.013130073517, -inf)
(-9.973666877431308e+60, -368.4346677625076, -1.0980213869483022e+59)
(-inf, -368.4346677625076, -inf)
(-inf, -368.4346677625076, -inf)
(-inf, -368.4346677625076, -inf)
(-inf, -319.2905095461624, -inf)
(-inf, -368.4346677625076, -inf)
(-inf, -368.4346677625076, -inf)
(-inf, -368.4346677625076, -inf)
(-inf, -368.4346677625076, -inf)
(-inf, -665.751182784088, -inf)
(-inf, -368.4346677625076, -inf)
(-inf, -368.4346677625076, -inf)
(-inf, -368.4346677625076, -inf)
(-inf, -368.4346677625076, -inf)
(-inf, -368.4346677625076, -inf)
(-inf, -368.4346677625076, -inf)
(-1.8089725813268384e+112, -368.4346677625076, -5.024923837018995e+109)
(-inf, -368.4346677625076, -inf)
(-inf, -368.4346677625076, -inf)
(-inf, -710.5043165231504, -inf)
(-2.7194141636987236e+104, -368.4346677625076, -7.553928232496454e+101)
(-inf, -368.4346677625076, -inf)
(-inf, -368.4346677625076, -inf)
(-inf, -368.4346677625076, -inf)
(-2.1650422647450073e+135, -368.4346677625076, -6.014006290958354e+132)
(-inf, -368.4346677625076, -inf)
(-inf, -368.4346677625076, -inf)
(-inf, -368.4346677625076, -inf)
(-inf, -368.4346677625076, -inf)
(-inf, -648.136504874208, -inf)
(-inf, -368.4346677625076, -inf)
(-inf, -368.4346677625076, -inf)
(-inf, -368.4346677625076, -inf)
(-inf, -368.4346677625076, -inf)
(-inf, -368.4346677625076, -inf)
(-inf, -368.4346677625076, -inf)
(-9.567714515823545e+60, -368.4346677625076, -6.931522679754576e+58)
(-inf, -368.4346677625076, -inf)
(-inf, -324.4516182155112, -inf)
(-inf, -648.136504874208, -inf)
(-inf, -368.4346677625076, -inf)
(-inf, -368.4346677625076, -inf)
(-inf, -368.4346677625076, -inf)
(-inf, -368.4346677625076, -inf)
(-inf, -368.4346677625076, -inf)
(-inf, -368.4346677625076, -inf)
(-inf, -368.4346677625076, -inf)
(-inf, -361.9417978343086, -inf)
(-inf, -368.4346677625076, -inf)
(-1.4216818722613665e+121, -710.5043165231504, -3.9491163119888835e+118)
(-2.8764025906968293e+136, -368.4346677625076, -7.990007196380081e+133)
(-inf, -368.4346677625076, -inf)
(-inf, -368.4346677625076, -inf)
(-inf, -330.63238403066595, -inf)
(-inf, -368.4346677625076, -inf)
(-inf, -368.4346677625076, -inf)
(-inf, -368.4346677625076, -inf)
(-inf, -368.4346677625076, -inf)
(-inf, -368.4346677625076, -inf)
(-inf, -689.3971498609594, -inf)
(-inf, -368.4346677625076, -inf)
(-inf, -368.4346677625076, -inf)
(-inf, -368.4346677625076, -inf)
(-inf, -368.4346677625076, -inf)
(-inf, -368.4346677625076, -inf)
(-inf, -368.4346677625076, -inf)
(-3.05189508041254e+61, -368.4346677625076, -1.305675548854904e+59)
(-7.281380359773046e+60, -368.4346677625076, -2.022771746170901e+58)
(-inf, -368.4346677625076, -inf)
(-inf, -710.5043165231504, -inf)
(-inf, -368.4346677625076, -inf)
(-inf, -368.4346677625076, -inf)
(-inf, -368.4346677625076, -inf)
(-inf, -368.4346677625076, -inf)
(-inf, -368.4346677625076, -inf)
(-inf, -368.4346677625076, -inf)
(-2.8820839309418754e+131, -368.4346677625076, -8.005788697060764e+128)
(-8.816967166942472e+116, -368.4346677625076, -2.4491575463729088e+114)
(-1.783353036096206e+129, -368.4346677625076, -4.953758433600572e+126)
(-inf, -648.136504874208, -inf)
(-inf, -368.4346677625076, -inf)
(-inf, -368.4346677625076, -inf)
(-inf, -368.4346677625076, -inf)
(-inf, -368.4346677625076, -inf)
(-9.105081311689943e+60, -368.4346677625076, -4.2772618552544936e+58)
(-inf, -368.4346677625076, -inf)
(-inf, -368.4346677625076, -inf)
(-8.450294243355203e+60, -368.4346677625076, -4.282723580142942e+58)
(-5.499811920798585e+68, -368.4346677625076, -1.5277255976346331e+66)
(-inf, -710.5043165231504, -inf)
(-inf, -368.4346677625076, -inf)
(-1.103177827487766e+110, -368.4346677625076, -3.064382854132683e+107)
(-inf, -368.4346677625076, -inf)
(-inf, -368.4346677625076, -inf)
(-inf, -368.4346677625076, -inf)
(-inf, -334.1352829742063, -inf)
(-inf, -361.9417978343086, -inf)
(-inf, -368.4346677625076, -inf)
(-1.1520482676134133e+61, -368.4346677625076, -6.270238775458387e+58)
(-inf, -710.5043165231504, -inf)
(-inf, -368.4346677625076, -inf)
(-1.0348367007723765e+61, -368.4346677625076, -9.483828257626298e+58)
(-inf, -349.18429735617514, -inf)
(-inf, -368.4346677625076, -inf)
(-inf, -368.4346677625076, -inf)
(-inf, -368.4346677625076, -inf)
(-inf, -368.4346677625076, -inf)
(-inf, -368.4346677625076, -inf)
(-inf, -355.8523127687881, -inf)
(-inf, -648.136504874208, -inf)
(-inf, -368.4346677625076, -inf)
(-inf, -368.4346677625076, -inf)
(-inf, -368.4346677625076, -inf)
(-inf, -368.4346677625076, -inf)
(-inf, -368.4346677625076, -inf)
(-inf, -368.4346677625076, -inf)
(-inf, -368.4346677625076, -inf)
(-inf, -368.4346677625076, -inf)
(-inf, -349.18429735617514, -inf)
(-inf, -510.6465445875056, -inf)
(-1.0768046206250362e+61, -368.4346677625076, -7.406003719008747e+58)
(-inf, -368.4346677625076, -inf)
(-inf, -368.4346677625076, -inf)
(-inf, -368.4346677625076, -inf)
(-inf, -368.4346677625076, -inf)
(-inf, -368.4346677625076, -inf)
(-inf, -368.4346677625076, -inf)
(-inf, -368.4346677625076, -inf)
(-inf, -368.4346677625076, -inf)
(-inf, -510.6465445875056, -inf)
(-1.0582870406996755e+61, -368.4346677625076, -9.583934827825889e+58)
(-1.1080260468258164e+61, -368.4346677625076, -7.629787870692223e+58)
(-5.99108692799751e+60, -368.4346677625076, -1.6643686460522506e+58)
(-inf, -368.4346677625076, -inf)
(-inf, -368.4346677625076, -inf)
(-inf, -368.4346677625076, -inf)
(-inf, -368.4346677625076, -inf)
(-inf, -368.4346677625076, -inf)
(-inf, -368.4346677625076, -inf)
(-inf, -688.2412805380023, -inf)
(-inf, -368.4346677625076, -inf)
(-inf, -368.4346677625076, -inf)
(-inf, -368.4346677625076, -inf)
(-1.091286632706947e+61, -368.4346677625076, -5.619581865607059e+58)
(-inf, -368.4346677625076, -inf)
(-inf, -368.4346677625076, -inf)
(-2.8764025906968293e+136, -368.4346677625076, -7.990007196496352e+133)
(-1.1054901343728209e+61, -368.4346677625076, -4.8818250153536716e+58)
(-1.120132797025062e+61, -368.4346677625076, -7.727443808192185e+58)
(-2.779984318908827e+121, -688.2412805380023, -1.5389171102334905e+119)
(-inf, -368.4346677625076, -inf)
(-inf, -368.4346677625076, -inf)
(-inf, -368.4346677625076, -inf)
(-inf, -368.4346677625076, -inf)
(-inf, -368.4346677625076, -inf)
(-inf, -368.4346677625076, -inf)
(-inf, -368.4346677625076, -inf)
(-inf, -368.4346677625076, -inf)
(-7.548899080121256e+60, -368.4346677625076, -3.669823709717433e+58)
(-inf, -688.2412805380023, -inf)
(-inf, -368.4346677625076, -inf)
(-inf, -368.4346677625076, -inf)
(-inf, -368.4346677625076, -inf)
(-inf, -368.4346677625076, -inf)
(-inf, -368.4346677625076, -inf)
(-6.401977905915679e+56, -368.4346677625076, -1.778327196087689e+54)
(-inf, -368.4346677625076, -inf)
(-inf, -368.4346677625076, -inf)
(-inf, -368.4346677625076, -inf)
(-inf, -324.65066146037657, -inf)
(-2.8764025906968293e+136, -368.4346677625076, -7.990007196380081e+133)
(-inf, -368.4346677625076, -inf)
(-inf, -368.4346677625076, -inf)
(-inf, -368.4346677625076, -inf)
(-inf, -368.4346677625076, -inf)
(-inf, -368.4346677625076, -inf)
(-6.896051766187116e+60, -368.4346677625076, -1.9155699350519768e+58)
(-inf, -368.4346677625076, -inf)
(-inf, -368.4346677625076, -inf)
(-3.0233660348546408e+153, -356.1247781232592, -8.398238985707335e+150)
(-inf, -368.4346677625076, -inf)
(-inf, -368.4346677625076, -inf)
(-inf, -368.4346677625076, -inf)
(-inf, -368.4346677625076, -inf)
(-7.348096415892069e+109, -368.4346677625076, -2.0411378933033525e+107)
(-inf, -368.4346677625076, -inf)
(-inf, -368.4346677625076, -inf)
(-inf, -368.4346677625076, -inf)
(-inf, -368.4346677625076, -inf)
(-2.9928819953545496e+121, -648.136504874208, -2.100793071973896e+119)
(-inf, -368.4346677625076, -inf)
(-inf, -368.4346677625076, -inf)
(-inf, -365.1419141575076, -inf)
(-inf, -368.4346677625076, -inf)
(-inf, -368.4346677625076, -inf)
(-inf, -368.4346677625076, -inf)
(-inf, -368.4346677625076, -inf)
(-inf, -368.4346677625076, -inf)
(-inf, -368.4346677625076, -inf)
(-inf, -489.4338187381556, -inf)
(-inf, -368.4346677625076, -inf)
(-inf, -368.4346677625076, -inf)
(-inf, -368.4346677625076, -inf)
(-inf, -368.4346677625076, -inf)
(-inf, -368.4346677625076, -inf)
(-inf, -368.4346677625076, -inf)
(-inf, -368.4346677625076, -inf)
(-inf, -368.4346677625076, -inf)
(-inf, -368.4346677625076, -inf)
(-inf, -648.136504874208, -inf)
(-inf, -368.4346677625076, -inf)
(-inf, -368.4346677625076, -inf)
(-8.788475311381541e+60, -368.4346677625076, -6.854078257112837e+58)
(-inf, -368.4346677625076, -inf)
(-1.0984699599006237e+63, -368.4346677625076, -3.1001743265702862e+60)
(-inf, -368.4346677625076, -inf)
(-inf, -368.4346677625076, -inf)
(-1.1872494791706245e+135, -368.4346677625076, -3.2979152199184024e+132)
(-inf, -368.4346677625076, -inf)
(-inf, -643.4178963156489, -inf)
(-inf, -368.4346677625076, -inf)
(-inf, -355.8523127687881, -inf)
(-inf, -368.4346677625076, -inf)
(-inf, -368.4346677625076, -inf)
(-inf, -368.4346677625076, -inf)
(-inf, -368.4346677625076, -inf)
(-9.299707846805844e+60, -368.4346677625076, -2.5835961030412353e+58)
(-inf, -368.4346677625076, -inf)
(-inf, -368.4346677625076, -inf)
(-inf, -664.8820177609938, -inf)
(-5.93298638143973e+128, -368.4346677625076, -1.6480517726221472e+126)
(-2.8764025906968293e+136, -368.4346677625076, -7.990007196380081e+133)
(-1.0989427189198773e+61, -368.4346677625076, -8.060434924887349e+58)
(-inf, -368.4346677625076, -inf)
(-inf, -368.4346677625076, -inf)
(-inf, -368.4346677625076, -inf)
(-inf, -315.772774042289, -inf)
(-inf, -368.4346677625076, -inf)
(-inf, -368.4346677625076, -inf)
(-3.5426523972532173e+121, -615.7932627334184, -1.8919485397565225e+119)
(-3.5738901778552916e+132, -368.4346677625076, -9.927472716264699e+129)
(-2.872893617666315e+100, -368.4346677625076, -7.980260049073097e+97)
(-inf, -368.4346677625076, -inf)
(-inf, -368.4346677625076, -inf)
(-inf, -368.4346677625076, -inf)
(-inf, -329.96728524312886, -inf)
(-inf, -368.4346677625076, -inf)
(-inf, -368.4346677625076, -inf)
(-9.840250958490786e+60, -368.4346677625076, -4.884434015665499e+58)
(-4.927355711160915e+147, -648.136504874208, -1.368709919766921e+145)
(-inf, -368.4346677625076, -inf)
(-2.4995165145089422e+88, -368.4346677625076, -6.943101429191507e+85)
(-inf, -368.4346677625076, -inf)
(-inf, -368.4346677625076, -inf)
(-1.0279944233868479e+61, -368.4346677625076, -6.004539118639252e+58)
(-inf, -368.4346677625076, -inf)
(-inf, -368.4346677625076, -inf)
(-inf, -368.4346677625076, -inf)
(-7.090880059690825e+104, -368.4346677625076, -1.9696889054696735e+102)
(-inf, -648.136504874208, -inf)
(-inf, -368.4346677625076, -inf)
(-inf, -368.4346677625076, -inf)
(-7.540316807356296e+141, -315.6531532273327, -2.09453244648786e+139)
(-9.883244340281669e+146, -368.4346677625076, -2.7453456500782412e+144)
(-1.9596171327878543e+29, -368.4346677625076, -2.1773523697642826e+27)
(-inf, -368.4346677625076, -inf)
(-inf, -361.9417978343086, -inf)
(-inf, -368.4346677625076, -inf)
(-inf, -368.4346677625076, -inf)
(-3.4738559966402147e+121, -648.136504874208, -2.8977316589779148e+119)
(-inf, -368.4346677625076, -inf)
(-inf, -368.4346677625076, -inf)
(-inf, -368.4346677625076, -inf)
(-inf, -368.4346677625076, -inf)
(-inf, -368.4346677625076, -inf)
(-inf, -368.4346677625076, -inf)
(-inf, -368.4346677625076, -inf)
(-inf, -368.4346677625076, -inf)
(-8.338072790284634e+60, -368.4346677625076, -2.3161313306346207e+58)
(-2.9166423729123047e+121, -643.4178963156489, -8.101784369200847e+118)
(-3.9024491677835137e+136, -368.4346677625076, -1.0840136577176428e+134)
(-inf, -365.1419141575076, -inf)
(-9.943842943813758e+60, -368.4346677625076, -3.78864068288148e+58)
(-inf, -368.4346677625076, -inf)
(-8.360120140143201e+60, -334.1352829742063, -7.209053057815552e+58)
(-5.9795514904090265e+60, -368.4346677625076, -3.239649117662069e+58)
(-inf, -368.4346677625076, -inf)
(-1.0525454417250524e+107, -368.4346677625076, -2.9237373381251456e+104)
(-inf, -368.4346677625076, -inf)
(-inf, -559.11028282198, -inf)
(-inf, -355.8523127687881, -inf)
(-inf, -368.4346677625076, -inf)
(-inf, -368.4346677625076, -inf)
(-4.0306986532623744e+91, -368.4346677625076, -1.119638514795104e+89)
(-inf, -368.4346677625076, -inf)
(-inf, -368.4346677625076, -inf)
(-inf, -368.4346677625076, -inf)
(-9.898709053348741e+130, -368.4346677625076, -2.749641403707984e+128)
(-1.4877254695850497e+132, -368.4346677625076, -4.1325707488473604e+129)
(-inf, -414.5865818644845, -inf)
(-inf, -355.8523127687881, -inf)
(-inf, -368.4346677625076, -inf)
(-inf, -368.4346677625076, -inf)
(-5.752805181393659e+136, -368.4346677625076, -1.5980014392760162e+134)
(-inf, -361.9417978343086, -inf)
(-inf, -355.8523127687881, -inf)
(-2.8764025906968293e+136, -368.4346677625076, -8.022466930539903e+133)
(-inf, -355.8523127687881, -inf)
(-1.9596171327878543e+29, -368.4346677625076, -1.0886761848821413e+27)
(-inf, -648.136504874208, -inf)
(-7.48042382733386e+60, -368.4346677625076, -5.234853785430096e+58)
(-inf, -368.4346677625076, -inf)
(-inf, -368.4346677625076, -inf)
(-5.752805181393659e+136, -368.4346677625076, -1.5980179634067157e+134)
(-inf, -368.4346677625076, -inf)
(-inf, -368.4346677625076, -inf)
(-inf, -368.4346677625076, -inf)
(-inf, -368.4346677625076, -inf)
(-inf, -355.8523127687881, -inf)
(-inf, -583.7861610625768, -inf)
(-inf, -368.4346677625076, -inf)
(-9.9342933132712e+60, -368.4346677625076, -4.0775993779015815e+58)
(-inf, -330.09263226344603, -inf)
(-inf, -368.4346677625076, -inf)
(-inf, -342.75449465254025, -inf)
(-5.778196474114379e+60, -313.8525591045535, -5.326548929930248e+58)
(-inf, -368.4346677625076, -inf)
(-inf, -368.4346677625076, -inf)
(-inf, -324.81700707714026, -inf)
(-inf, -629.510119108345, -inf)
(-inf, -368.4346677625076, -inf)
(-inf, -368.4346677625076, -inf)
(-1.0068204276094469e+61, -368.4346677625076, -6.715174322148022e+58)
(-inf, -368.4346677625076, -inf)
(-inf, -327.84293858638904, -inf)
(-inf, -368.4346677625076, -inf)
(-inf, -368.4346677625076, -inf)
(-7.712988580144395e+60, -368.4346677625076, -3.764612280888307e+58)
(-inf, -368.4346677625076, -inf)
(-inf, -593.2806490632155, -inf)
(-376390.65025291377, -368.4346677625076, -4557.631524079569)
(-inf, -368.4346677625076, -inf)
(-inf, -339.739751918457, -inf)
(-inf, -368.4346677625076, -inf)
(-inf, -368.4346677625076, -inf)
(-1.323086583849577e+135, -368.4346677625076, -3.675240510693269e+132)
(-inf, -368.4346677625076, -inf)
(-7.202829215076355e+60, -368.4346677625076, -3.743995023413146e+58)
(-inf, -368.4346677625076, -inf)
(-inf, -367.6799925713606, -inf)
(-7.79770233206271e+60, -368.4346677625076, -3.4838813683514526e+58)
(-inf, -368.4346677625076, -inf)
(-inf, -368.4346677625076, -inf)
(-8.16778332726573e+60, -368.4346677625076, -2.2688287020182584e+58)
(-inf, -368.4346677625076, -inf)
(-inf, -368.4346677625076, -inf)
(-9.052321516543912e+103, -368.4346677625076, -2.5145337545955312e+101)
(-inf, -358.8418537465501, -inf)
(-8.260765455660891e+131, -368.4346677625076, -2.294657071016914e+129)
(-2.280371628995753e+121, -356.1247781232592, -1.197580028200061e+119)
(-inf, -334.1352829742063, -inf)
(-1.0458279521775966e+61, -368.4346677625076, -8.066458047762714e+58)
(-2.1262214603517266e+81, -368.4346677625076, -1.1272077923365809e+79)
(-inf, -368.4346677625076, -inf)
(-1.0237912843849482e+61, -368.4346677625076, -5.058513032463253e+58)
(-inf, -368.4346677625076, -inf)
(-inf, -368.4346677625076, -inf)
(-7.40525534443899e+60, -368.4346677625076, -2.0753899686217894e+58)
(-inf, -368.4346677625076, -inf)
(-inf, -648.136504874208, -inf)
(-8.608297204423032e+60, -368.4346677625076, -4.6059306793239667e+58)
(-7.227465661126421e+130, -368.4346677625076, -2.0076293503187444e+128)
(-inf, -368.4346677625076, -inf)
(-inf, -368.4346677625076, -inf)
(-inf, -368.4346677625076, -inf)
(-inf, -368.4346677625076, -inf)
(-9.424532976434048e+131, -368.4346677625076, -2.6179258267872356e+129)
(-inf, -368.4346677625076, -inf)
(-2.8436183424732395e+84, -368.4346677625076, -7.898939840203444e+81)
(-inf, -648.136504874208, -inf)
(-inf, -324.4516182155112, -inf)
(-inf, -368.4346677625076, -inf)
(-9.883996385457299e+60, -368.4346677625076, -5.097859617147905e+58)
(-1.030166659845456e+61, -361.9417978343086, -4.826856661780271e+58)
(-1.181687265213428e+61, -368.4346677625076, -6.754264746933668e+58)
(-1.1019518647072263e+108, -365.1419141575076, -3.0609774019645174e+105)
(-inf, -368.4346677625076, -inf)
(-inf, -368.4346677625076, -inf)
(-inf, -368.4346677625076, -inf)
(-2.9264677060316336e+121, -629.6789959471658, -8.129076961198983e+118)
(-5.891534693423745e+96, -368.4346677625076, -1.6365374148399294e+94)
(-inf, -368.4346677625076, -inf)
(-2.1058854591089543e+119, -368.4346677625076, -5.849681830858206e+116)
(-inf, -368.4346677625076, -inf)
(-1.3354746640113764e+61, -368.4346677625076, -1.33662044514607e+59)
(-3.3400313512201196e+19, -368.4346677625076, -9.27786486450106e+16)
(-inf, -368.4346677625076, -inf)
(-inf, -368.4346677625076, -inf)
(-inf, -368.4346677625076, -inf)
(-2.932402188243933e+121, -675.7408899017603, -8.145561634010925e+118)
(-4.0306986532623744e+91, -368.4346677625076, -1.119638514795104e+89)
(-7.65724202105636e+60, -368.4346677625076, -1.0383449871397e+59)
(-2.8764025906968293e+136, -368.4346677625076, -7.990007196380081e+133)
(-inf, -368.4346677625076, -inf)
(-inf, -368.4346677625076, -inf)
(-inf, -368.4346677625076, -inf)
(-inf, -368.4346677625076, -inf)
(-2.8764025906968293e+136, -368.4346677625076, -7.990007196380081e+133)
(-1.023248706651486e+61, -368.4346677625076, -6.043085775369504e+58)
(-1.7234067541627736e+121, -500.08463164615665, -4.787240983785482e+118)
(-inf, -368.4346677625076, -inf)
(-inf, -365.1419141575076, -inf)
(-inf, -368.4346677625076, -inf)
(-inf, -368.4346677625076, -inf)
(-inf, -368.4346677625076, -inf)
(-inf, -368.4346677625076, -inf)
(-2.411800573499352e+118, -368.4346677625076, -6.6994460374982e+115)
(-inf, -368.4346677625076, -inf)
(-inf, -368.4346677625076, -inf)
(-inf, -631.9799895007407, -inf)
(-inf, -368.4346677625076, -inf)
(-6.61790000049884e+64, -368.4346677625076, -1.8384965725543401e+62)
(-inf, -368.4346677625076, -inf)
(-1.461104645001383e+132, -368.4346677625076, -4.0586240138927304e+129)
(-inf, -368.4346677625076, -inf)
(-5.0896158919754464e+70, -368.4346677625076, -1.4137821928599504e+68)
(-9.870795020171485e+60, -368.4346677625076, -7.1272471050293e+58)
(-inf, -368.4346677625076, -inf)
(-inf, -368.4346677625076, -inf)
(-inf, -549.6911078505686, -inf)
(-inf, -365.1419141575076, -inf)
(-inf, -368.4346677625076, -inf)
(-inf, -368.4346677625076, -inf)
(-inf, -368.4346677625076, -inf)
(-5.752805181393659e+136, -368.4346677625076, -1.5980014392760162e+134)
(-9.746384800283525e+60, -368.4346677625076, -5.0145981795914704e+58)
(-inf, -368.4346677625076, -inf)
(-8.404397966111928e+60, -368.4346677625076, -4.5990909664376134e+58)
(-6.048733464793705e+80, -368.4346677625076, -1.6802037402204737e+78)
(-inf, -407.594482247791, -inf)
(-8.851889102284797e+60, -368.4346677625076, -4.5698966872290495e+58)
(-inf, -352.57403885401874, -inf)
(-9.985847876330282e+60, -368.4346677625076, -6.863349392316108e+58)
(-inf, -368.4346677625076, -inf)
(-inf, -355.8523127687881, -inf)
(-8.434339742800893e+60, -368.4346677625076, -5.822744809995869e+58)
(-4.583314298275985e+28, -368.4346677625076, -2.5462857212644364e+26)
(-2.1058854591089543e+119, -368.4346677625076, -5.849681830858206e+116)
(-inf, -368.4346677625076, -inf)
(-inf, -428.72701017049667, -inf)
(-1.1530893774161143e+61, -368.4346677625076, -1.17165779006813e+59)
(-7.822664771998462e+60, -368.4346677625076, -5.508394608845248e+58)
(-1.590267283517495e+67, -368.4346677625076, -4.4174188048182696e+64)
(-inf, -368.4346677625076, -inf)
(-9.742086869306749e+60, -368.4346677625076, -7.674182827244298e+58)
(-2.531199139053243e+96, -368.4346677625076, -7.031108719592342e+93)
(-inf, -368.4346677625076, -inf)
(-inf, -368.4346677625076, -inf)
(-inf, -368.4346677625076, -inf)
(-5.017879344513817e+123, -688.2412805380023, -1.4223849968705993e+121)
(-9.174077471981327e+60, -368.4346677625076, -4.197339007861524e+58)
(-2.8764025906968293e+136, -368.4346677625076, -7.990007196380081e+133)
(-9.199396992884006e+60, -368.4346677625076, -2.5553880535788906e+58)
(-inf, -368.4346677625076, -inf)
(-inf, -328.7814869527545, -inf)
(-inf, -368.4346677625076, -inf)
(-inf, -368.4346677625076, -inf)
(-inf, -368.4346677625076, -inf)
(-inf, -368.4346677625076, -inf)
(-inf, -356.1247781232592, -inf)
(-inf, -368.4346677625076, -inf)
(-8.159249732596549e+60, -368.4346677625076, -5.209005321550899e+58)
(-inf, -368.4346677625076, -inf)
(-5.632491641978815e+124, -368.4346677625076, -1.564581011660782e+122)
(-inf, -368.4346677625076, -inf)
(-inf, -368.4346677625076, -inf)
(-inf, -368.4346677625076, -inf)
(-inf, -368.4346677625076, -inf)
(-inf, -368.4346677625076, -inf)
(-inf, -356.1247781232592, -inf)
(-inf, -368.4346677625076, -inf)
(-7.083694960247437e+60, -368.4346677625076, -3.290277118071909e+58)
(-inf, -368.4346677625076, -inf)
(-6.2002589780542734e+60, -355.8523127687881, -4.461633206014565e+58)
(-inf, -368.4346677625076, -inf)
(-inf, -368.4346677625076, -inf)
(-inf, -365.1419141575076, -inf)
(-inf, -368.4346677625076, -inf)
(-9.400797279637307e+60, -368.4346677625076, -6.504808724065575e+58)
(-inf, -688.2412805380023, -inf)
(-inf, -368.4346677625076, -inf)
(-inf, -368.4346677625076, -inf)
(-2.8764025906968293e+136, -361.9417978343086, -7.990007196380081e+133)
(-5.48708870424139e+145, -368.4346677625076, -1.5241913067337193e+143)
(-inf, -368.4346677625076, -inf)
(-inf, -368.4346677625076, -inf)
(-inf, -368.4346677625076, -inf)
(-inf, -358.8418537465501, -inf)
(-inf, -368.4346677625076, -inf)
(-inf, -648.136504874208, -inf)
(-inf, -368.4346677625076, -inf)
(-inf, -355.8523127687881, -inf)
(-inf, -368.4346677625076, -inf)
(-6.410775424443408e+60, -368.4346677625076, -1.78077095123428e+58)
(-8.175475400691148e+111, -368.4346677625076, -2.2709653890808746e+109)
(-inf, -368.4346677625076, -inf)
(-6.252210127468703e+60, -368.4346677625076, -3.468408206552456e+58)
(-inf, -368.4346677625076, -inf)
(-6.310179733869215e+125, -368.4346677625076, -1.75282770385256e+123)
(-inf, -648.136504874208, -inf)
(-1.0633043016366108e+61, -365.1419141575076, -1.155454989455494e+59)
(-inf, -368.4346677625076, -inf)
(-inf, -368.4346677625076, -inf)
(-inf, -368.4346677625076, -inf)
(-inf, -368.4346677625076, -inf)
(-7.83764353035635e+60, -368.4346677625076, -2.177123202876764e+58)
(-inf, -368.4346677625076, -inf)
(-2.9398410779900915e+151, -368.4346677625076, -8.166225216639145e+148)
(-inf, -368.4346677625076, -inf)
(-inf, -648.136504874208, -inf)
(-inf, -368.4346677625076, -inf)
(-1.1727639577431166e+61, -368.4346677625076, -8.652406987868322e+58)
(-inf, -355.8523127687881, -inf)
(-inf, -368.4346677625076, -inf)
(-8.22939339519159e+60, -368.4346677625076, -6.390270215779215e+58)
(-7.356818695708958e+60, -368.4346677625076, -5.611308124846245e+58)
(-inf, -368.4346677625076, -inf)
(-inf, -368.4346677625076, -inf)
(-inf, -368.4346677625076, -inf)
(-inf, -648.136504874208, -inf)
(-inf, -368.4346677625076, -inf)
(-7.809450786095302e+60, -368.4346677625076, -3.11044827831676e+58)
(-inf, -368.4346677625076, -inf)
(-inf, -368.4346677625076, -inf)
(-inf, -368.4346677625076, -inf)
(-inf, -368.4346677625076, -inf)
(-inf, -368.4346677625076, -inf)
(-inf, -368.4346677625076, -inf)
(-inf, -368.4346677625076, -inf)
(-inf, -381.4863486319167, -inf)
(-inf, -368.4346677625076, -inf)
(-7.995949548777631e+60, -368.4346677625076, -2.2210970968826753e+58)
(-inf, -355.8523127687881, -inf)
(-8.445183734645865e+60, -368.4346677625076, -2.3458843707349626e+58)
(-inf, -368.4346677625076, -inf)
(-inf, -368.4346677625076, -inf)
(-inf, -368.4346677625076, -inf)
(-inf, -368.4346677625076, -inf)
(-inf, -368.4346677625076, -inf)
(-inf, -573.4260164880902, -inf)
(-inf, -368.4346677625076, -inf)
(-inf, -368.4346677625076, -inf)
(-9.92375622480534e+60, -368.4346677625076, -9.06877948417046e+58)
(-inf, -368.4346677625076, -inf)
(-inf, -368.4346677625076, -inf)
(-7.027686112370032e+60, -368.4346677625076, -1.952135031213898e+58)
(-inf, -368.4346677625076, -inf)
(-7.5689951199081885e+124, -368.4346677625076, -2.102498644418941e+122)
(-7.499688178260607e+17, -368.4346677625076, -2083246716187312.2)
(-inf, -648.136504874208, -inf)
(-inf, -368.4346677625076, -inf)
(-inf, -368.4346677625076, -inf)
(-inf, -327.5901803051661, -inf)
(-inf, -368.4346677625076, -inf)
(-1.3428110398485125e+79, -368.4346677625076, -3.730030666245868e+76)
(-inf, -368.4346677625076, -inf)
(-inf, -368.4346677625076, -inf)
(-1.028611212649378e+61, -368.4346677625076, -1.4751468785219785e+59)
(-1.0539727558390336e+61, -368.4346677625076, -2.9277020995528713e+58)
(-5.866697835817019e+83, -648.136504874208, -1.62963828772695e+81)
(-inf, -368.4346677625076, -inf)
(-8.909002383651883e+60, -316.83444058218464, -3.9956377333818904e+58)
(-inf, -368.4346677625076, -inf)
(-inf, -368.4346677625076, -inf)
(-inf, -368.4346677625076, -inf)
(-inf, -368.4346677625076, -inf)
(-inf, -368.4346677625076, -inf)
(-inf, -368.4346677625076, -inf)
(-inf, -368.4346677625076, -inf)
(-inf, -603.8495277019172, -inf)
(-inf, -368.4346677625076, -inf)
(-inf, -368.4346677625076, -inf)
(-inf, -368.4346677625076, -inf)
(-inf, -368.4346677625076, -inf)
(-8.527019314510993e+82, -368.4346677625076, -2.3686164762530535e+80)
(-inf, -368.4346677625076, -inf)
(-inf, -368.4346677625076, -inf)
(-9.444305608273468e+60, -368.4346677625076, -8.763810543469356e+58)
(-inf, -368.4346677625076, -inf)
(-inf, -648.136504874208, -inf)
(-inf, -368.4346677625076, -inf)
(-9.666611854286137e+60, -313.36903297617204, -7.45207038706876e+58)
(-inf, -368.4346677625076, -inf)
(-inf, -368.4346677625076, -inf)
(-inf, -368.4346677625076, -inf)
(-inf, -368.4346677625076, -inf)
(-inf, -368.4346677625076, -inf)
(-inf, -368.4346677625076, -inf)
(-6.144713235152778e+123, -368.4346677625076, -1.7068647875424384e+121)
(-inf, -399.59008545207257, -inf)
(-inf, -368.4346677625076, -inf)
(-8.886039879866687e+60, -368.4346677625076, -3.9832414911241086e+58)
(-4.0306986532623744e+91, -368.4346677625076, -1.119638514795104e+89)
(-1.0324842685990498e+86, -368.4346677625076, -2.8680118572195825e+83)
(-inf, -368.4346677625076, -inf)
(-inf, -355.8523127687881, -inf)
(-inf, -368.4346677625076, -inf)
(-inf, -368.4346677625076, -inf)
(-6.845943062731297e+60, -368.4346677625076, -1.9016508507586938e+58)
(-inf, -688.2412805380023, -inf)
(-inf, -368.4346677625076, -inf)
(-5.752805181393659e+136, -368.4346677625076, -1.5980014392760162e+134)
(-inf, -368.4346677625076, -inf)
(-inf, -368.4346677625076, -inf)
(-inf, -355.8523127687881, -inf)
(-inf, -368.4346677625076, -inf)
(-inf, -368.4346677625076, -inf)
(-inf, -368.4346677625076, -inf)
(-inf, -368.4346677625076, -inf)
(-2.1485631527937753e+121, -513.5542783492596, -5.96823097998271e+118)
(-inf, -317.89910093921776, -inf)
(-inf, -368.4346677625076, -inf)
(-inf, -368.4346677625076, -inf)
(-inf, -368.4346677625076, -inf)
(-5.744693817550052e+60, -368.4346677625076, -1.5957482826591705e+58)
(-inf, -368.4346677625076, -inf)
(-2.8764025906968293e+136, -355.8523127687881, -7.990007196380081e+133)
(-inf, -368.4346677625076, -inf)
(-inf, -368.4346677625076, -inf)
(-inf, -643.4178963156489, -inf)
(-7.833266552150017e+81, -368.4346677625076, -2.175907375597227e+79)
(-3.971195743923475e+124, -338.7669329898981, -1.1031099288676318e+122)
(-inf, -365.1419141575076, -inf)
(-inf, -368.4346677625076, -inf)
(-inf, -368.4346677625076, -inf)
(-inf, -365.1419141575076, -inf)
(-inf, -368.4346677625076, -inf)
(-inf, -368.4346677625076, -inf)
(-inf, -368.4346677625076, -inf)
(-inf, -569.0775682930421, -inf)
(-inf, -368.4346677625076, -inf)
(-inf, -365.1419141575076, -inf)
(-inf, -368.4346677625076, -inf)
(-inf, -368.4346677625076, -inf)
(-inf, -368.4346677625076, -inf)
(-6.462559553608269e+60, -368.4346677625076, -1.7951554315578523e+58)
(-inf, -365.1419141575076, -inf)
(-7.81333742484255e+60, -368.4346677625076, -6.103090429507433e+58)
(-8.9324059068755e+60, -368.4346677625076, -4.9005341752305663e+58)
(-inf, -648.136504874208, -inf)
(-inf, -368.4346677625076, -inf)
(-inf, -313.36903297617204, -inf)
(-inf, -368.4346677625076, -inf)
(-9.268667428272771e+60, -368.4346677625076, -8.639976158403826e+58)
(-8.0310297788754e+60, -368.4346677625076, -5.846947101776543e+58)
(-9.157907603859806e+60, -368.4346677625076, -6.879587608289772e+58)
(-inf, -368.4346677625076, -inf)
(-inf, -368.4346677625076, -inf)
(-inf, -368.4346677625076, -inf)
(-inf, -414.40956725444505, -inf)
(-inf, -368.4346677625076, -inf)
(-2.232415912938553e+132, -368.4346677625076, -6.201155313718203e+129)
(-7.606295205467444e+60, -368.4346677625076, -4.0047430033775176e+58)
(-inf, -368.4346677625076, -inf)
(-inf, -368.4346677625076, -inf)
(-inf, -368.4346677625076, -inf)
(-5.074337825669442e+60, -368.4346677625076, -1.4095382849081783e+58)
(-3.9551815866363044e+63, -355.8523127687881, -1.101331294666879e+61)
(-1.590861577979083e+126, -368.4346677625076, -4.4190599388307856e+123)
(-inf, -648.136504874208, -inf)
(-inf, -368.4346677625076, -inf)
(-inf, -368.4346677625076, -inf)
(-inf, -365.1419141575076, -inf)
(-6.790692431674531e+60, -368.4346677625076, -3.0068184344124157e+58)
(-4.4939465190020696e+63, -368.4346677625076, -1.2512964900623115e+61)
(-inf, -368.4346677625076, -inf)
(-inf, -368.4346677625076, -inf)
(-inf, -368.4346677625076, -inf)
(-inf, -368.4346677625076, -inf)
(-inf, -405.5556102155216, -inf)
(-6.613518809566143e+60, -368.4346677625076, -3.3599015556424906e+58)
(-inf, -368.4346677625076, -inf)
(-inf, -368.4346677625076, -inf)
(-inf, -368.4346677625076, -inf)
(-inf, -368.4346677625076, -inf)
(-inf, -368.4346677625076, -inf)
(-inf, -368.4346677625076, -inf)
(-4.4273110386435874e+137, -368.4346677625076, -1.229808621845441e+135)
(-inf, -368.4346677625076, -inf)
(-inf, -688.2412805380023, -inf)
(-6.524361173139315e+60, -368.4346677625076, -1.8123225480942543e+58)
(-inf, -368.4346677625076, -inf)
(-inf, -368.4346677625076, -inf)
(-1.0396061151066324e+61, -368.4346677625076, -4.5746583486069355e+58)
(-5.381426395695313e+82, -368.4346677625076, -1.49484066547092e+80)
(-inf, -358.8418537465501, -inf)
(-inf, -322.5752634480518, -inf)
(-inf, -368.4346677625076, -inf)
(-inf, -368.4346677625076, -inf)
(-inf, -648.136504874208, -inf)
(-inf, -355.8523127687881, -inf)
(-inf, -368.4346677625076, -inf)
(-inf, -368.4346677625076, -inf)
(-inf, -368.4346677625076, -inf)
(-inf, -368.4346677625076, -inf)
(-inf, -368.4346677625076, -inf)
(-inf, -368.4346677625076, -inf)
(-inf, -368.4346677625076, -inf)
(-inf, -365.1419141575076, -inf)
(-2.3195987468753937e+121, -439.61377684509415, -6.443329852432834e+118)
(-inf, -322.5752634480518, -inf)
(-inf, -368.4346677625076, -inf)
(-inf, -368.4346677625076, -inf)
(-1.2290805130116262e+103, -368.4346677625076, -3.414112536143406e+100)
(-inf, -368.4346677625076, -inf)
(-7.880328391609831e+60, -368.4346677625076, -5.606693222824676e+58)
(-inf, -368.4346677625076, -inf)
(-inf, -328.9648002697378, -inf)
(-inf, -368.4346677625076, -inf)
(-inf, -467.53399283863445, -inf)
(-7.011179863600328e+79, -365.1419141575076, -1.9475499621112022e+77)
(-inf, -352.57403885401874, -inf)
(-inf, -368.4346677625076, -inf)
(-2.8764025906968293e+136, -313.3491151970898, -7.990007196380081e+133)
(-inf, -368.4346677625076, -inf)
(-inf, -368.4346677625076, -inf)
(-6.804616649875714e+60, -368.4346677625076, -3.374015500265527e+58)
(-inf, -368.4346677625076, -inf)
(-inf, -368.4346677625076, -inf)
(-inf, -688.2412805380023, -inf)
(-8.262884786669825e+60, -361.9417978343086, -3.998609533121194e+58)
(-1.3299987638451341e+132, -368.4346677625076, -3.694441010680928e+129)
(-9.147369470516777e+60, -368.4346677625076, -4.413488611910805e+58)
(-inf, -361.9417978343086, -inf)
(-8.535436175007204e+29, -368.4346677625076, -2.3709544930575894e+27)
(-inf, -368.4346677625076, -inf)
(-inf, -368.4346677625076, -inf)
(-4.404273557271072e+139, -368.4346677625076, -1.2234093214641867e+137)
(-2.8764025906968293e+136, -368.4346677625076, -7.990007196380081e+133)
(-inf, -580.0596137209736, -inf)
(-inf, -368.4346677625076, -inf)
(-inf, -368.4346677625076, -inf)
(-6.791358302452743e+76, -365.1419141575076, -1.8864884173479848e+74)
(-1.1107062895079581e+61, -355.8523127687881, -6.533331905851157e+58)
(-inf, -322.88700791991164, -inf)
(-8.920338384504278e+60, -368.4346677625076, -4.58394426216841e+58)
(-inf, -355.8523127687881, -inf)
(-inf, -368.4346677625076, -inf)
(-inf, -368.4346677625076, -inf)
(-1.0120442204448454e+150, -428.34593468572143, -2.8112339470043056e+147)
(-inf, -368.4346677625076, -inf)
(-inf, -368.4346677625076, -inf)
(-inf, -326.9067052285096, -inf)
(-inf, -368.4346677625076, -inf)
(-inf, -368.4346677625076, -inf)
(-2.8764025906968293e+136, -368.4346677625076, -7.990007196380081e+133)
(-inf, -355.8523127687881, -inf)
(-2.8764025906968293e+136, -368.4346677625076, -7.990007196380081e+133)
(-1.1471041921435368e+61, -368.4346677625076, -5.276914990383424e+58)
(-inf, -601.4666206317166, -inf)
(-inf, -368.4346677625076, -inf)
(-inf, -368.4346677625076, -inf)
(-inf, -368.4346677625076, -inf)
(-9.181224922925951e+60, -368.4346677625076, -8.50817328839639e+58)
(-inf, -366.3485056420525, -inf)
(-inf, -368.4346677625076, -inf)
(-inf, -368.4346677625076, -inf)
(-1.347673868619581e+61, -368.4346677625076, -3.74353852394328e+58)
(-9.126925090840785e+60, -368.4346677625076, -5.041680992661311e+58)
(-inf, -648.136504874208, -inf)
(-7.087721449099154e+60, -368.4346677625076, -4.6992079937612675e+58)
(-inf, -368.4346677625076, -inf)
(-1.0364139705127553e+53, -368.4346677625076, -2.8789276958687648e+50)
(-inf, -368.4346677625076, -inf)
(-inf, -368.4346677625076, -inf)
(-inf, -368.4346677625076, -inf)
(-inf, -368.4346677625076, -inf)
(-inf, -368.4346677625076, -inf)
(-inf, -368.4346677625076, -inf)
(-inf, -419.35235045816427, -inf)
(-inf, -368.4346677625076, -inf)
(-inf, -368.4346677625076, -inf)
(-inf, -368.4346677625076, -inf)
(-1.0714993512771354e+61, -368.4346677625076, -4.522183241476946e+58)
(-inf, -368.4346677625076, -inf)
(-120473.26474263122, -368.4346677625076, -2613.9478669629534)
(-inf, -368.4346677625076, -inf)
(-inf, -365.1419141575076, -inf)
(-inf, -368.4346677625076, -inf)
(-inf, -688.2412805380023, -inf)
(-inf, -365.1419141575076, -inf)
(-1.3058293403394637e+133, -368.4346677625076, -3.6273037231651772e+130)
(-7.897037819140221e+60, -368.4346677625076, -6.958704868287056e+58)
(-inf, -365.1419141575076, -inf)
(-inf, -326.9108039254945, -inf)
(-inf, -352.57403885401874, -inf)
(-inf, -368.4346677625076, -inf)
(-inf, -368.4346677625076, -inf)
(-inf, -368.4346677625076, -inf)
(-3.018397729656945e+121, -638.7547861562696, -8.384438137935958e+118)
(-inf, -355.8523127687881, -inf)
(-inf, -368.4346677625076, -inf)
(-inf, -358.8418537465501, -inf)
(-inf, -368.4346677625076, -inf)
(-inf, -368.4346677625076, -inf)
(-inf, -368.4346677625076, -inf)
(-1.7115721944853947e+63, -368.4346677625076, -4.785874448886877e+60)
(-1.6208115658695698e+131, -368.4346677625076, -4.502254349637694e+128)
(-inf, -368.4346677625076, -inf)
(-inf, -647.2800743578246, -inf)
(-inf, -368.4346677625076, -inf)
(-inf, -368.4346677625076, -inf)
(-inf, -368.4346677625076, -inf)
(-inf, -368.4346677625076, -inf)
(-inf, -368.4346677625076, -inf)
(-4.7803036430663043e+92, -368.4346677625076, -1.3278621230739734e+90)
(-inf, -368.4346677625076, -inf)
(-5.083695078557106e+136, -368.4346677625076, -1.4121375218214185e+134)
(-1.6654318810423214e+129, -355.8523127687881, -4.626199669562004e+126)
(-inf, -608.2642103572332, -inf)
(-inf, -368.4346677625076, -inf)
(-inf, -368.4346677625076, -inf)
(-8.701534756924261e+60, -368.4346677625076, -6.301293183425563e+58)
(-1.051465915623068e+61, -368.4346677625076, -1.0011024798831309e+59)
(-inf, -368.4346677625076, -inf)
(-inf, -368.4346677625076, -inf)
(-2.8764025906968293e+136, -368.4346677625076, -7.990007196380081e+133)
(-inf, -368.4346677625076, -inf)
(-inf, -368.4346677625076, -inf)
(-2.611080505036888e+121, -643.4178963156489, -2.4462811105055337e+119)
(-2.1727840745046978e+61, -355.8523127687881, -1.0621274484054275e+59)
(-1.037174124750672e+61, -368.4346677625076, -7.342431602147197e+58)
(-inf, -324.4516182155112, -inf)
(-4.6817985007319725e+60, -368.4346677625076, -1.300499583536659e+58)
(-inf, -368.4346677625076, -inf)
(-2.8764025906968293e+136, -321.1184756097841, -7.990007196380081e+133)
(-6.022614578592336e+112, -368.4346677625076, -1.6729484940534265e+110)
(-inf, -368.4346677625076, -inf)
(-inf, -368.4346677625076, -inf)
(-inf, -648.136504874208, -inf)
(-inf, -368.4346677625076, -inf)
(-inf, -368.4346677625076, -inf)
(-inf, -355.8523127687881, -inf)
(-inf, -368.4346677625076, -inf)
(-inf, -368.4346677625076, -inf)
(-inf, -368.4346677625076, -inf)
(-8.453816992160018e+60, -368.4346677625076, -6.838214008683286e+58)
(-inf, -368.4346677625076, -inf)
(-1.8753248732485213e+63, -368.4346677625076, -5.228655696526876e+60)
(-inf, -648.136504874208, -inf)
(-inf, -368.4346677625076, -inf)
(-inf, -368.4346677625076, -inf)
(-inf, -368.4346677625076, -inf)
(-inf, -368.4346677625076, -inf)
(-inf, -368.4346677625076, -inf)
(-inf, -368.4346677625076, -inf)
(-inf, -368.4346677625076, -inf)
(-2.1058854591089543e+119, -368.4346677625076, -5.849681830858206e+116)
(-inf, -368.4346677625076, -inf)
(-inf, -465.2077278365795, -inf)
(-1.2724911062614287e+61, -368.4346677625076, -1.512027974797509e+59)
(-inf, -368.4346677625076, -inf)
(-inf, -368.4346677625076, -inf)
(-inf, -368.4346677625076, -inf)
(-inf, -321.69454867784225, -inf)
(-inf, -368.4346677625076, -inf)
(-inf, -329.30828061696377, -inf)
(-inf, -368.4346677625076, -inf)
(-inf, -368.4346677625076, -inf)
(-inf, -648.136504874208, -inf)
(-inf, -368.4346677625076, -inf)
(-inf, -368.4346677625076, -inf)
(-inf, -368.4346677625076, -inf)
(-3.607613569952435e+90, -368.4346677625076, -1.002114880542343e+88)
(-1.0451916982089568e+61, -368.4346677625076, -2.9033102728026575e+58)
(-inf, -368.4346677625076, -inf)
(-inf, -368.4346677625076, -inf)
(-inf, -368.4346677625076, -inf)
(-inf, -368.4346677625076, -inf)
(-1.967499010259937e+121, -648.136504874208, -5.465275028499825e+118)
(-5.640697192848177e+111, -368.4346677625076, -1.5668603313467158e+109)
(-inf, -368.4346677625076, -inf)
(-inf, -368.4346677625076, -inf)
(-1.0116516668214161e+67, -361.9417978343086, -2.8101502368637976e+64)
(-inf, -368.4346677625076, -inf)
(-inf, -355.8523127687881, -inf)
(-inf, -368.4346677625076, -inf)
(-inf, -368.4346677625076, -inf)
(-7.247199595385979e+60, -368.4346677625076, -2.0131109987183274e+58)
(-inf, -648.136504874208, -inf)
(-2.8764025906968293e+136, -368.4346677625076, -7.990007196380081e+133)
(-inf, -368.4346677625076, -inf)
(-1.676030629404186e+66, -368.4346677625076, -4.655712892082792e+63)
(-8.144536349427986e+60, -368.4346677625076, -6.171415880699845e+58)
(-inf, -368.4346677625076, -inf)
(-inf, -368.4346677625076, -inf)
(-inf, -368.4346677625076, -inf)
(-inf, -368.4346677625076, -inf)
(-1.6890903964496497e+118, -365.1419141575076, -4.6919177679156935e+115)
(-inf, -648.136504874208, -inf)
(-inf, -368.4346677625076, -inf)
(-9.466362904818451e+55, -368.4346677625076, -2.629545251338459e+53)
(-9.609021479976761e+80, -368.4346677625076, -2.669172633326878e+78)
(-9.941620741885853e+150, -368.4346677625076, -2.761561317190515e+148)
(-inf, -368.4346677625076, -inf)
(-9.448867424517182e+60, -368.4346677625076, -7.134053660569261e+58)
(-9.061238294710436e+60, -368.4346677625076, -3.6106977310052146e+58)
(-8.937286089609843e+60, -368.4346677625076, -5.283345840703407e+58)
(-inf, -368.4346677625076, -inf)
(-inf, -648.136504874208, -inf)
(-inf, -368.4346677625076, -inf)
(-inf, -368.4346677625076, -inf)
(-1.0985670223993608e+61, -368.4346677625076, -8.257659748916392e+58)
(-inf, -368.4346677625076, -inf)
(-inf, -368.4346677625076, -inf)
(-8.571123915193154e+60, -368.4346677625076, -2.3808677542203204e+58)
(-inf, -368.4346677625076, -inf)
(-inf, -368.4346677625076, -inf)
(-inf, -368.4346677625076, -inf)
(-inf, -648.136504874208, -inf)
(-9.477911066268986e+60, -368.4346677625076, -7.779469672756179e+58)
(-1.1170300402007377e+61, -365.1419141575076, -7.966638183556974e+58)
(-5.767131333773816e+60, -368.4346677625076, -1.6019809260482822e+58)
(-inf, -368.4346677625076, -inf)
(-inf, -368.4346677625076, -inf)
(-2.4027569403896972e+125, -368.4346677625076, -6.674324834415826e+122)
(-inf, -368.4346677625076, -inf)
(-inf, -368.4346677625076, -inf)
(-5.150528612972834e+127, -368.4346677625076, -1.430702392492454e+125)
(-inf, -356.1247781232592, -inf)
(-2.8764025906968293e+136, -368.4346677625076, -7.990007196391209e+133)
(-inf, -368.4346677625076, -inf)
(-inf, -355.8523127687881, -inf)
(-inf, -368.4346677625076, -inf)
(-inf, -368.4346677625076, -inf)
(-inf, -368.4346677625076, -inf)
(-inf, -368.4346677625076, -inf)
(-inf, -368.4346677625076, -inf)
(-inf, -368.4346677625076, -inf)
(-inf, -648.136504874208, -inf)
(-inf, -361.9417978343086, -inf)
(-inf, -368.4346677625076, -inf)
(-inf, -368.4346677625076, -inf)
(-inf, -368.4346677625076, -inf)
(-inf, -368.4346677625076, -inf)
(-inf, -368.4346677625076, -inf)
(-inf, -368.4346677625076, -inf)
(-inf, -368.4346677625076, -inf)
(-inf, -368.4346677625076, -inf)
(-3.407935573832076e+121, -688.2412805380023, -3.764913451600099e+119)
(-inf, -368.4346677625076, -inf)
(-5.69265132722127e+132, -368.4346677625076, -1.5812920353392417e+130)
(-inf, -368.4346677625076, -inf)
(-inf, -355.8523127687881, -inf)
(-inf, -368.4346677625076, -inf)
(-inf, -365.1419141575076, -inf)
(-1.5829997995325386e+61, -368.4346677625076, -5.909710704355588e+58)
(-inf, -368.4346677625076, -inf)
(-1.9596171327878543e+29, -368.4346677625076, -1.3433047570085846e+27)
(-inf, -688.2412805380023, -inf)
(-4.937512259402761e+60, -368.4346677625076, -1.3715311831674337e+58)
(-2.1058854591089543e+119, -361.9417978343086, -5.849681830858206e+116)
(-inf, -368.4346677625076, -inf)
(-9.94302361671813e+60, -368.4346677625076, -1.6427588515898754e+59)
(-inf, -368.4346677625076, -inf)
(-6.727567799338693e+135, -368.4346677625076, -1.8688115211284713e+133)
(-inf, -324.81700707714026, -inf)
(-inf, -355.8523127687881, -inf)
(-inf, -368.4346677625076, -inf)
(-2.704875820236607e+121, -592.8157593339214, -1.7787241552661788e+119)
(-inf, -368.4346677625076, -inf)
(-inf, -368.4346677625076, -inf)
(-1.4594507701321245e+133, -365.1419141575076, -4.0540299170336793e+130)
(-inf, -368.4346677625076, -inf)
(-inf, -368.4346677625076, -inf)
(-4.0306986532623744e+91, -368.4346677625076, -1.119638514795104e+89)
(-9.318953477327684e+60, -349.18429735617514, -6.772556278241066e+58)
(-8.817730012656806e+60, -368.4346677625076, -4.0107735106974223e+58)
(-inf, -368.4346677625076, -inf)
(-inf, -570.7871162018769, -inf)
(-inf, -368.4346677625076, -inf)
(-5.752805181393659e+136, -368.4346677625076, -1.5980014392760162e+134)
(-inf, -368.4346677625076, -inf)
(-inf, -368.4346677625076, -inf)
(-7.983769916188925e+60, -368.4346677625076, -7.191090737250567e+58)
(-inf, -368.4346677625076, -inf)
(-inf, -313.67986864761053, -inf)
(-inf, -368.4346677625076, -inf)
(-4.0306986532623744e+91, -368.4346677625076, -1.119638514795104e+89)
(-1.0375991947196353e+124, -357.92063702583465, -2.8822199853323206e+121)
(-inf, -368.4346677625076, -inf)
(-5.752805181393659e+136, -368.4346677625076, -1.5980014392760162e+134)
(-inf, -368.4346677625076, -inf)
(-inf, -368.4346677625076, -inf)
(-inf, -368.4346677625076, -inf)
(-5.752805181393659e+136, -368.4346677625076, -1.5980014392760162e+134)
(-inf, -368.4346677625076, -inf)
(-1.9596171327878543e+29, -368.4346677625076, -5.4433809244107064e+26)
(-inf, -368.4346677625076, -inf)
(-inf, -306.2450136660401, -inf)
(-inf, -368.4346677625076, -inf)
(-8.825888050691928e+60, -368.4346677625076, -4.387913404420966e+58)
(-2.8764025906968293e+136, -368.4346677625076, -7.990007196380081e+133)
(-inf, -365.1419141575076, -inf)
(-inf, -368.4346677625076, -inf)
(-3.837084380456949e+124, -368.4346677625076, -1.0658567723491524e+122)
(-1.1407756606999548e+130, -368.4346677625076, -3.1688212797220966e+127)
(-inf, -368.4346677625076, -inf)
(-inf, -368.4346677625076, -inf)
(-inf, -581.7737044936046, -inf)
(-inf, -368.4346677625076, -inf)
(-inf, -368.4346677625076, -inf)
(-2.1058854591089543e+119, -368.4346677625076, -5.849681830858206e+116)
(-inf, -368.4346677625076, -inf)
(-1.0997723987672711e+61, -368.4346677625076, -1.1600429584221048e+59)
(-inf, -368.4346677625076, -inf)
(-4.947208131002241e+60, -365.1419141575076, -1.374224480833956e+58)
(-inf, -368.4346677625076, -inf)
(-9.10008599750409e+60, -368.4346677625076, -5.132257466301647e+58)
(-1.798244100623425e+121, -449.49198100730973, -4.995122501731736e+118)
(-inf, -368.4346677625076, -inf)
(-inf, -368.4346677625076, -inf)
(-inf, -368.4346677625076, -inf)
(-1.0319152600205821e+61, -368.4346677625076, -6.979362860468058e+58)
(-1.031231715967404e+61, -368.4346677625076, -6.968642504496276e+58)
(-inf, -368.4346677625076, -inf)
(-5.812559673373353e+145, -327.9534656464257, -1.6145999092703757e+143)
(-inf, -368.4346677625076, -inf)
(-4.0306986532623744e+91, -368.4346677625076, -1.119638514795104e+89)
(-inf, -520.9137733420425, -inf)
(-2.8764025906968293e+136, -368.4346677625076, -7.990007196380081e+133)
(-inf, -368.4346677625076, -inf)
(-inf, -349.18429735617514, -inf)
(-inf, -368.4346677625076, -inf)
(-1.9596171327878543e+29, -368.4346677625076, -5.4433809244107064e+26)
(-inf, -368.4346677625076, -inf)
(-8.853586487514935e+60, -365.1419141575076, -8.656402625986721e+58)
(-8.118805071606272e+60, -368.4346677625076, -4.3490354300706944e+58)
(-inf, -368.4346677625076, -inf)
(-inf, -603.8495277019172, -inf)
(-inf, -368.4346677625076, -inf)
(-inf, -368.4346677625076, -inf)
(-inf, -368.4346677625076, -inf)
(-inf, -368.4346677625076, -inf)
(-inf, -368.4346677625076, -inf)
(-inf, -368.4346677625076, -inf)
(-inf, -368.4346677625076, -inf)
(-inf, -368.4346677625076, -inf)
(-8.51057288962265e+60, -361.9417978343086, -9.705447243714516e+58)
(-inf, -632.6178173470155, -inf)
(-inf, -368.4346677625076, -inf)
(-inf, -368.4346677625076, -inf)
(-inf, -316.688022976102, -inf)
(-inf, -368.4346677625076, -inf)
(-inf, -368.4346677625076, -inf)
(-inf, -368.4346677625076, -inf)
(-inf, -368.4346677625076, -inf)
(-inf, -368.4346677625076, -inf)
(-inf, -368.4346677625076, -inf)
(-1.8531398208275164e+121, -603.8495277019172, -5.147610613409768e+118)
(-inf, -368.4346677625076, -inf)
(-9.462471754613235e+60, -368.4346677625076, -1.0934102056930523e+59)
(-inf, -355.8523127687881, -inf)
(-inf, -368.4346677625076, -inf)
(-inf, -368.4346677625076, -inf)
(-5.985285176239739e+60, -368.4346677625076, -2.854099545533789e+58)
(-6.727567799338693e+135, -355.8523127687881, -1.868768833149637e+133)
(-inf, -368.4346677625076, -inf)
(-1.1337493262256694e+61, -368.4346677625076, -1.499434140838461e+59)
(-inf, -688.2412805380023, -inf)
(-inf, -361.9417978343086, -inf)
(-inf, -368.4346677625076, -inf)
(-8.59997624678893e+60, -368.4346677625076, -8.649030103019012e+58)
(-inf, -368.4346677625076, -inf)
(-inf, -368.4346677625076, -inf)
(-4.404802287022777e+105, -324.4516182155112, -1.2235561908396602e+103)
(-8.470765536342804e+60, -368.4346677625076, -8.296582801036109e+58)
(-9.027061791984174e+60, -368.4346677625076, -2.5075171644400482e+58)
(-8.699945101937377e+103, -368.4346677625076, -2.4166514172059468e+101)
(-inf, -554.5977486750793, -inf)
(-inf, -368.4346677625076, -inf)
(-inf, -368.4346677625076, -inf)
(-inf, -368.4346677625076, -inf)
(-inf, -368.4346677625076, -inf)
(-inf, -368.4346677625076, -inf)
(-inf, -368.4346677625076, -inf)
(-inf, -368.4346677625076, -inf)
(-inf, -368.4346677625076, -inf)
(-inf, -368.4346677625076, -inf)
(-inf, -648.136504874208, -inf)
(-2.8764025906968293e+136, -368.4346677625076, -7.990007196380081e+133)
(-inf, -368.4346677625076, -inf)
(-inf, -368.4346677625076, -inf)
(-inf, -368.4346677625076, -inf)
(-2.8764025906968293e+136, -368.4346677625076, -7.990007196380081e+133)
(-inf, -368.4346677625076, -inf)
(-inf, -368.4346677625076, -inf)
(-1.046259867151371e+135, -368.4346677625076, -2.9062774087538085e+132)
(-inf, -368.4346677625076, -inf)
(-inf, -341.162292945938, -inf)
(-inf, -368.4346677625076, -inf)
(-2.8764025906968293e+136, -368.4346677625076, -7.990007196380081e+133)
(-1.0148266698989992e+61, -368.4346677625076, -4.249793421292422e+58)
(-inf, -368.4346677625076, -inf)
(-3.1550471023344075e+133, -368.4346677625076, -8.764019728706687e+130)
(-inf, -368.4346677625076, -inf)
(-4.0306986532623744e+91, -368.4346677625076, -2.239277029590208e+89)
(-inf, -368.4346677625076, -inf)
(-inf, -368.4346677625076, -inf)
(-1.4155179684586712e+61, -648.136504874208, -3.931994356833533e+58)
(-4.4335460058234364e+102, -355.8523127687881, -1.2315405571843731e+100)
(-inf, -368.4346677625076, -inf)
(-inf, -355.8523127687881, -inf)
(-1.064152179824624e+61, -355.8523127687881, -5.569320406781592e+58)
(-8.474840624726774e+60, -368.4346677625076, -7.736085486971969e+58)
(-inf, -368.4346677625076, -inf)
(-inf, -368.4346677625076, -inf)
(-1.9596171327878543e+29, -368.4346677625076, -1.0886761848821413e+27)
(-inf, -361.9417978343086, -inf)
(-inf, -688.2412805380023, -inf)
(-inf, -365.1419141575076, -inf)
(-1.2184543706937897e+65, -365.1419141575076, -3.3847548894121814e+62)
(-inf, -361.9417978343086, -inf)
(-inf, -368.4346677625076, -inf)
(-inf, -368.4346677625076, -inf)
(-inf, -368.4346677625076, -inf)
(-1.1742198246264784e+61, -355.8523127687881, -4.7622050067934126e+58)
(-inf, -329.1551291313236, -inf)
(-inf, -368.4346677625076, -inf)
(-inf, -472.1877872114443, -inf)
(-inf, -358.8418537465501, -inf)
(-4.0306986532623744e+91, -368.4346677625076, -1.119638514795104e+89)
(-inf, -365.1419141575076, -inf)
(-inf, -368.4346677625076, -inf)
(-9.067389756221539e+60, -368.4346677625076, -5.969233453918747e+58)
(-inf, -355.8523127687881, -inf)
(-inf, -361.9417978343086, -inf)
(-4.9470256118252005e+60, -368.4346677625076, -1.3741737810625557e+58)
(-5.752805181393659e+136, -365.1419141575076, -1.5980014392760162e+134)
(-2.871793166373239e+121, -643.4178963156489, -7.977203239925664e+118)
(-8.75675246997918e+60, -368.4346677625076, -1.4348235192368823e+59)
(-inf, -368.4346677625076, -inf)
(-8.611221628276444e+60, -368.4346677625076, -6.548240364059705e+58)
(-inf, -368.4346677625076, -inf)
(-4.0306986532623744e+91, -368.4346677625076, -1.119638514795104e+89)
(-2.8764025906968293e+136, -368.4346677625076, -7.990007196380081e+133)
(-3.0428539226570115e+85, -365.1419141575076, -8.452372007380587e+82)
(-inf, -368.4346677625076, -inf)
(-7.25904693627824e+60, -368.4346677625076, -2.0164019267439554e+58)
(-inf, -648.136504874208, -inf)
(-inf, -368.4346677625076, -inf)
(-inf, -365.1419141575076, -inf)
(-3.3312307568207295e+152, -368.4346677625076, -9.253418768946947e+149)
(-inf, -368.4346677625076, -inf)
(-inf, -368.4346677625076, -inf)
(-8.822522872381406e+60, -368.4346677625076, -4.819290669981047e+58)
(-inf, -368.4346677625076, -inf)
(-5.752805181393659e+136, -368.4346677625076, -1.5980014392760162e+134)
(-inf, -368.4346677625076, -inf)
(-inf, -521.5935081662584, -inf)
(-inf, -368.4346677625076, -inf)
(-inf, -355.8523127687881, -inf)
(-4.0306986532623744e+91, -355.8523127687881, -1.119638514795104e+89)
(-inf, -365.1419141575076, -inf)
(-inf, -368.4346677625076, -inf)
(-inf, -368.4346677625076, -inf)
(-1.0965036218300381e+61, -368.4346677625076, -5.65194517197311e+58)
(-inf, -368.4346677625076, -inf)
(-inf, -368.4346677625076, -inf)
(-inf, -582.3174412724384, -inf)
(-inf, -368.4346677625076, -inf)
(-inf, -368.4346677625076, -inf)
(-9.080558007638722e+60, -368.4346677625076, -4.6426674618287175e+58)
(-inf, -368.4346677625076, -inf)
(-9.89579341695497e+60, -368.4346677625076, -2.748831504709714e+58)
(-2.8764025906968293e+136, -368.4346677625076, -7.990007196390005e+133)
(-9.299780803019398e+60, -368.4346677625076, -5.932641269073044e+58)
(-inf, -368.4346677625076, -inf)
(-9.116650854022302e+60, -368.4346677625076, -3.765093064644294e+58)
(-inf, -648.136504874208, -inf)
(-inf, -368.4346677625076, -inf)
(-1.7492954705188917e+73, -345.9077854754658, -4.859154084783379e+70)
(-inf, -368.4346677625076, -inf)
(-inf, -368.4346677625076, -inf)
(-inf, -330.9755736400696, -inf)
(-1.0590300328444837e+61, -368.4346677625076, -4.866914699029008e+58)
(-1.062177166759142e+61, -368.4346677625076, -8.933367128106976e+58)
(-inf, -368.4346677625076, -inf)
(-inf, -368.4346677625076, -inf)
(-inf, -649.0472079820505, -inf)
(-4.9948750972121956e+107, -368.4346677625076, -1.3874653047811654e+105)
(-inf, -368.4346677625076, -inf)
(-inf, -368.4346677625076, -inf)
(-inf, -368.4346677625076, -inf)
(-inf, -368.4346677625076, -inf)
(-inf, -368.4346677625076, -inf)
(-inf, -368.4346677625076, -inf)
(-inf, -368.4346677625076, -inf)
(-inf, -368.4346677625076, -inf)
(-3.3534518215658106e+121, -356.1247781232592, -1.4799433834722187e+119)
(-8.403318795884658e+60, -368.4346677625076, -4.6292358501021786e+58)
(-inf, -368.4346677625076, -inf)
(-1.727867362968602e+125, -368.4346677625076, -4.799631563801673e+122)
(-inf, -368.4346677625076, -inf)
(-inf, -368.4346677625076, -inf)
(-inf, -368.4346677625076, -inf)
(-inf, -368.4346677625076, -inf)
(-inf, -368.4346677625076, -inf)
(-2.8764025906968293e+136, -321.1184756097841, -7.990007196380081e+133)
(-inf, -648.136504874208, -inf)
(-inf, -368.4346677625076, -inf)
(-5.752805181393659e+136, -368.4346677625076, -1.5980014392760162e+134)
(-inf, -368.4346677625076, -inf)
(-inf, -368.4346677625076, -inf)
(-7.329428483803045e+60, -368.4346677625076, -4.0081619622558394e+58)
(-1.9596171327878543e+29, -317.89910093921776, -5.4433809244107064e+26)
(-5.742620631159561e+60, -368.4346677625076, -1.5951723975443225e+58)
(-inf, -355.8523127687881, -inf)
(-8.926119210459093e+60, -368.4346677625076, -6.525713996789393e+58)
(-1.0120442204448454e+150, -414.70102049902346, -2.811233945680126e+147)
(-1.1925272592296476e+61, -368.4346677625076, -7.708467698822478e+58)
(-inf, -368.4346677625076, -inf)
(-inf, -368.4346677625076, -inf)
(-inf, -368.4346677625076, -inf)
(-inf, -368.4346677625076, -inf)
(-inf, -365.1419141575076, -inf)
(-inf, -368.4346677625076, -inf)
(-2.481337234012672e+132, -368.4346677625076, -6.892603427812979e+129)
(-5.072428451606593e+124, -368.4346677625076, -1.4090079032240535e+122)
(-inf, -648.136504874208, -inf)
(-inf, -368.4346677625076, -inf)
(-inf, -368.4346677625076, -inf)
(-inf, -368.4346677625076, -inf)
(-inf, -368.4346677625076, -inf)
(-4.0306986532623744e+91, -368.4346677625076, -1.1196385159794122e+89)
(-inf, -368.4346677625076, -inf)
(-inf, -368.4346677625076, -inf)
(-inf, -368.4346677625076, -inf)
(-6.794428531538476e+32, -368.4346677625076, -1.8891228505308095e+30)
(-inf, -673.8300006276643, -inf)
(-1.2989559127284544e+109, -368.4346677625076, -3.608210868690151e+106)
(-inf, -368.4346677625076, -inf)
(-inf, -365.1419141575076, -inf)
(-inf, -368.4346677625076, -inf)
(-4.0306986532623744e+91, -368.4346677625076, -1.119638514795104e+89)
(-inf, -368.4346677625076, -inf)
(-8.394808425495562e+135, -368.4346677625076, -2.331891229304323e+133)
(-inf, -368.4346677625076, -inf)
(-inf, -368.4346677625076, -inf)
(-inf, -294.148281863259, -inf)
(-inf, -368.4346677625076, -inf)
(-inf, -368.4346677625076, -inf)
(-5.436074753711359e+60, -368.4346677625076, -1.510020764919822e+58)
(-inf, -368.0584343467402, -inf)
(-inf, -368.0584343467402, -inf)
(-inf, -368.0584343467402, -inf)
(-inf, -368.0584343467402, -inf)
(-inf, -355.8523127687881, -inf)
(-inf, -368.0584343467402, -inf)
(-inf, -648.136504874208, -inf)
(-inf, -368.0584343467402, -inf)
(-9.237189733005286e+60, -368.0584343467402, -1.0572807985093205e+59)
(-inf, -368.0584343467402, -inf)
(-9.713175338188379e+150, -368.0584343467402, -2.698104260607883e+148)
(-inf, -368.0584343467402, -inf)
(-2.1058854591089543e+119, -368.0584343467402, -5.849681830858206e+116)
(-inf, -365.1419141575076, -inf)
(-inf, -368.0584343467402, -inf)
(-inf, -368.0584343467402, -inf)
(-inf, -682.1265763504323, -inf)
(-1.140067646351349e+61, -368.0584343467402, -1.1701183539029377e+59)
(-inf, -368.0584343467402, -inf)
(-inf, -368.0584343467402, -inf)
(-inf, -368.0584343467402, -inf)
(-inf, -368.0584343467402, -inf)
(-inf, -368.0584343467402, -inf)
(-inf, -368.0584343467402, -inf)
(-inf, -368.0584343467402, -inf)
(-inf, -368.0584343467402, -inf)
(-4.412930660276585e+123, -455.65937598676123, -1.2478017916092434e+121)
(-1.4186218200638757e+63, -368.0584343467402, -3.9572408999938236e+60)
(-6.442853733870665e+62, -364.73589408987687, -1.842370391393816e+60)
(-inf, -368.0584343467402, -inf)
(-1.0589674433229814e+61, -368.0584343467402, -7.467483013154281e+58)
(-inf, -368.0584343467402, -inf)
(-inf, -368.0584343467402, -inf)
(-1.848314610295045e+63, -364.73589408987687, -5.1712129046719185e+60)
(-inf, -364.73589408987687, -inf)
(-inf, -368.0584343467402, -inf)
(-3.8392930923188174e+123, -318.9125899025038, -2.066498617659917e+121)
(-5.782419234780171e+110, -368.0584343467402, -1.606227565216714e+108)
(-inf, -368.0584343467402, -inf)
(-inf, -368.0584343467402, -inf)
(-inf, -368.0584343467402, -inf)
(-inf, -368.0584343467402, -inf)
(-9.827425000239588e+60, -368.0584343467402, -1.113592059448678e+59)
(-inf, -368.0584343467402, -inf)
(-inf, -314.3166858700884, -inf)
(-inf, -368.0584343467402, -inf)
(-inf, -459.0158999058324, -inf)
(-inf, -368.0584343467402, -inf)
(-inf, -368.0584343467402, -inf)
(-inf, -364.73589408987687, -inf)
(-inf, -368.0584343467402, -inf)
(-3.319338923001465e+73, -368.0584343467402, -9.220385897232413e+70)
(-inf, -348.6928606110078, -inf)
(-inf, -368.0584343467402, -inf)
(-inf, -368.0584343467402, -inf)
(-inf, -368.0584343467402, -inf)
(-3.129925643239104e+121, -388.0698074595255, -1.8574521623606175e+119)
(-inf, -368.0584343467402, -inf)
(-1.3927118657972292e+63, -368.0584343467402, -6.980420431422524e+60)
(-inf, -368.0584343467402, -inf)
(-inf, -368.0584343467402, -inf)
(-inf, -368.0584343467402, -inf)
(-1.2325892878610101e+63, -368.0584343467402, -3.5102140814131675e+60)
(-inf, -361.5181162996562, -inf)
(-inf, -368.0584343467402, -inf)
(-8.227787268215493e+62, -368.0584343467402, -4.418558901095543e+60)
(-1.874200931371393e+17, -352.90034975834396, -520611369832412.7)
(-1.158670740859403e+63, -368.0584343467402, -3.326519595944904e+60)
(-6.084464948010643e+60, -368.0584343467402, -1.6901291522251785e+58)
(-4.753038382899455e+60, -368.0584343467402, -1.320288439694293e+58)
(-120473.26474263122, -368.0584343467402, -1223.4084506722277)
(-inf, -368.0584343467402, -inf)
(-9.060272016540937e+60, -368.0584343467402, -1.1763994197177498e+59)
(-inf, -368.0584343467402, -inf)
(-1.44143223289453e+63, -368.0584343467402, -4.083976266295862e+60)
(-inf, -368.0584343467402, -inf)
(-inf, -645.1471454508331, -inf)
(-inf, -368.0584343467402, -inf)
(-inf, -368.0584343467402, -inf)
(-1.2648564905157752e+63, -368.0584343467402, -7.056692443631957e+60)
(-inf, -368.0584343467402, -inf)
(-8.789237192068927e+62, -368.0584343467402, -2.524827066518796e+60)
(-inf, -368.0584343467402, -inf)
(-inf, -368.0584343467402, -inf)
(-1.013601023368922e+63, -368.0584343467402, -2.8966717527435576e+60)
(-inf, -368.0584343467402, -inf)
(-inf, -506.50364047333926, -inf)
(-1.318185613580304e+63, -365.1419141575076, -3.71436310071049e+60)
(-inf, -368.0584343467402, -inf)
(-1.2087559415778494e+61, -307.98334029839015, -7.238866567360161e+58)
(-1.417911537936317e+63, -304.1048292216946, -6.767554604740406e+60)
(-1.370274854729328e+146, -304.58155821363755, -3.8063190409148003e+143)
(-inf, -330.72098319305866, -inf)
(-inf, -308.0833826146009, -inf)
(-inf, -300.085342256951, -inf)
(-9.207393646923329e+60, -302.73545177150214, -6.011737095821271e+58)
(-inf, -686.4338933734782, -inf)
(-inf, -368.0584343467402, -inf)
(-inf, -368.0584343467402, -inf)
(-inf, -324.1509934961806, -inf)
(-7.27808999243227e+60, -368.0584343467402, -6.823849678870015e+58)
(-2.0590880044620898e+119, -368.0584343467402, -5.719688901283583e+116)
(-inf, -368.0584343467402, -inf)
(-inf, -368.0584343467402, -inf)
(-8.563633782635163e+60, -368.0584343467402, -2.378787161843101e+58)
(-1.1613999713639742e+61, -368.0584343467402, -8.033581450106997e+58)
(-inf, -352.90034975834396, -inf)
(-inf, -368.0584343467402, -inf)
(-inf, -368.0584343467402, -inf)
(-inf, -355.3923746821575, -inf)
(-inf, -368.0584343467402, -inf)
(-inf, -368.0584343467402, -inf)
(-inf, -368.0584343467402, -inf)
(-7.456450528583466e+61, -368.0584343467402, -3.5304041773892134e+59)
(-9.16662859655197e+28, -368.0584343467402, -3.8194285818973076e+26)
(-6.971696447784564e+60, -368.0584343467402, -6.669389637537801e+58)
(-2.922029061558025e+123, -421.80016153034586, -8.24017042800941e+120)
(-inf, -368.0584343467402, -inf)
(-6.977987774095912e+60, -368.0584343467402, -4.9636223639299125e+58)
(-8.626046936151966e+60, -368.0584343467402, -8.234854832549546e+58)
(-inf, -368.0584343467402, -inf)
(-6.66062980012971e+60, -368.0584343467402, -1.850174944480475e+58)
(-inf, -368.0584343467402, -inf)
(-2.1058854591089543e+119, -368.0584343467402, -5.849681830858206e+116)
(-8.477750568385413e+62, -368.0584343467402, -2.4559568444979287e+60)
(-1.3902277614791534e+63, -368.0584343467402, -3.969730595737164e+60)
(-inf, -319.4857408355515, -inf)
(-inf, -364.73589408987687, -inf)
(-7.534858406192244e+60, -368.0584343467402, -5.461013842782237e+58)
(-inf, -368.0584343467402, -inf)
(-inf, -368.0584343467402, -inf)
(-1.7075392394766445e+61, -368.0584343467402, -8.841687719113651e+58)
(-inf, -368.0584343467402, -inf)
(-1.1146778449330909e+61, -368.0584343467402, -6.006272441713794e+58)
(-inf, -368.0584343467402, -inf)
(-inf, -368.0584343467402, -inf)
(-2.534954274456741e+121, -645.1471454508331, -7.041539651268725e+118)
(-inf, -368.0584343467402, -inf)
(-inf, -355.3923746821575, -inf)
(-inf, -368.0584343467402, -inf)
(-inf, -368.0584343467402, -inf)
(-inf, -364.73589408987687, -inf)
(-inf, -368.0584343467402, -inf)
(-1.0029639489123677e+61, -368.0584343467402, -8.929006693648423e+58)
(-inf, -368.0584343467402, -inf)
(-2.0918462227148947e+119, -368.0584343467402, -5.810683951985818e+116)
(-2.7576253377747426e+121, -342.56283159160336, -2.5803116111408274e+119)
(-3.409431878952628e+57, -368.0584343467402, -9.470644108201745e+54)
(-9.612112363557395e+60, -368.0584343467402, -6.122674553563689e+58)
(-inf, -368.0584343467402, -inf)
(-inf, -368.0584343467402, -inf)
(-inf, -368.0584343467402, -inf)
(-inf, -368.0584343467402, -inf)
(-2.1058854591089543e+119, -368.0584343467402, -5.849681830858206e+116)
(-inf, -368.0584343467402, -inf)
(-inf, -368.0584343467402, -inf)
(-2.713679285867208e+23, -382.9426614793865, -7.5379980162978e+20)
(-8.932909151141799e+62, -368.0584343467402, -4.795186130944338e+60)
(-8.28936526979036e+60, -368.0584343467402, -5.746565655568936e+58)
(-inf, -361.5181162996562, -inf)
(-1.2423932388217213e+63, -368.0584343467402, -3.518253881098012e+60)
(-inf, -368.0584343467402, -inf)
(-4.554473512472707e+60, -368.0584343467402, -2.4357455650122513e+58)
(-inf, -368.0584343467402, -inf)
(-1.0578839440233035e+61, -368.0584343467402, -7.161047579495201e+58)
(-inf, -368.0584343467402, -inf)
(-inf, -390.74686777873524, -inf)
(-1.1901180397959691e+63, -364.73589408987687, -3.326765736338408e+60)
(-inf, -368.0584343467402, -inf)
(-1.0861397357510797e+61, -368.0584343467402, -3.0170548215307773e+58)
(-7.046844863803014e+141, -368.0584343467402, -1.9574569066119484e+139)
(-inf, -368.0584343467402, -inf)
(-inf, -368.0584343467402, -inf)
(-8.979301564646466e+60, -368.0584343467402, -9.279536029464046e+58)
(-4.309395710586925e+48, -368.0584343467402, -1.1970543640519235e+46)
(-8.85546070172516e+62, -368.0584343467402, -2.5539920810381787e+60)
(-inf, -310.8289462473045, -inf)
(-9.195081610385379e+62, -368.0584343467402, -4.766386497685079e+60)
(-inf, -361.5181162996562, -inf)
(-inf, -368.0584343467402, -inf)
(-1.0237109792417555e+61, -368.0584343467402, -6.131866341372664e+58)
(-inf, -368.0584343467402, -inf)
(-1.0117914980842157e+63, -368.0584343467402, -2.8833065277878028e+60)
(-inf, -368.0584343467402, -inf)
(-1.1857423168163707e+63, -368.0584343467402, -3.3528713795894606e+60)
(-inf, -368.0584343467402, -inf)
(-inf, -337.8423738443329, -inf)
(-2.1058854591089543e+119, -368.0584343467402, -5.849681830858206e+116)
(-9.227474418259637e+60, -368.0584343467402, -5.818552641967313e+58)
(-inf, -368.0584343467402, -inf)
(-1.5600958690031917e+86, -368.0584343467402, -4.333599636119977e+83)
(-9.170816115182674e+60, -368.0584343467402, -6.179572945872186e+58)
(-inf, -368.0584343467402, -inf)
(-inf, -368.0584343467402, -inf)
(-inf, -364.73589408987687, -inf)
(-inf, -368.0584343467402, -inf)
(-2.475221003253895e+121, -523.04738209346, -1.7764963568682402e+119)
(-inf, -368.0584343467402, -inf)
(-inf, -368.0584343467402, -inf)
(-inf, -368.0584343467402, -inf)
(-5.2330263594581895e+124, -355.3923746821575, -1.4536184331828304e+122)
(-inf, -368.0584343467402, -inf)
(-9.125956820033655e+60, -368.0584343467402, -4.623104316831958e+58)
(-7.213411537110913e+60, -368.0584343467402, -2.003725426975256e+58)
(-inf, -368.0584343467402, -inf)
(-6.2755411677764125e+60, -368.0584343467402, -1.743241292781452e+58)
(-2.45198646859666e+121, -433.1387877737732, -1.0845138240325533e+119)
(-inf, -368.0584343467402, -inf)
(-9.031454430408582e+60, -368.0584343467402, -4.620130448244889e+58)
(-8.46994423726773e+60, -368.0584343467402, -3.949549487173838e+58)
(-2.1058854591089543e+119, -368.0584343467402, -5.849681830858206e+116)
(-inf, -368.0584343467402, -inf)
(-inf, -368.0584343467402, -inf)
(-inf, -368.0584343467402, -inf)
(-inf, -368.0584343467402, -inf)
(-inf, -368.0584343467402, -inf)
(-3.525667653106864e+123, -352.90034975834396, -9.979597841863028e+120)
(-7.65037823524471e+60, -368.0584343467402, -2.1251050653457527e+58)
(-inf, -368.0584343467402, -inf)
(-1.2176404262040847e+61, -368.0584343467402, -9.926322663678793e+58)
(-inf, -368.0584343467402, -inf)
(-5.026191116656454e+62, -368.0584343467402, -1.479440368555977e+60)
(-8.462239553019908e+60, -368.0584343467402, -2.3506220980610857e+58)
(-9.270576690201108e+60, -368.0584343467402, -1.0571469999221007e+59)
(-inf, -368.0584343467402, -inf)
(-1.7805404406794637e+63, -368.0584343467402, -6.670959827867218e+60)
(-inf, -640.3865714407953, -inf)
(-inf, -368.0584343467402, -inf)
(-9.405584560950548e+60, -368.0584343467402, -1.3299658040678745e+59)
(-inf, -368.0584343467402, -inf)
(-inf, -368.0584343467402, -inf)
(-5.826656812868715e+62, -368.0584343467402, -1.7286909669267044e+60)
(-8.236715443312603e+60, -368.0584343467402, -1.0814671194266718e+59)
(-1.0669342717081856e+78, -368.0584343467402, -2.9637063103005157e+75)
(-inf, -368.0584343467402, -inf)
(-inf, -368.0584343467402, -inf)
(-3.071242007254675e+123, -369.9857837988894, -1.6052358474067392e+121)
(-inf, -368.0584343467402, -inf)
(-1.346352245085787e+63, -368.0584343467402, -6.492238229525875e+60)
(-inf, -368.0584343467402, -inf)
(-9.890724760731632e+60, -368.0584343467402, -6.079661448997535e+58)
(-inf, -368.0584343467402, -inf)
(-2.1058854591089543e+119, -368.0584343467402, -5.849681830858206e+116)
(-2.1058854591089543e+119, -368.0584343467402, -5.849681830858206e+116)
(-inf, -368.0584343467402, -inf)
(-inf, -368.0584343467402, -inf)
(-2.0100455793118532e+132, -659.8101215437919, -5.583459953362027e+129)
(-7.191705081431647e+62, -368.0584343467402, -2.06469169732477e+60)
(-9.389050367192262e+60, -368.0584343467402, -2.608069546442295e+58)
(-1.013712850171231e+63, -368.0584343467402, -5.314148884743574e+60)
(-inf, -368.0584343467402, -inf)
(-inf, -368.0584343467402, -inf)
(-inf, -368.0584343467402, -inf)
(-inf, -368.0584343467402, -inf)
(-inf, -368.0584343467402, -inf)
(-inf, -368.0584343467402, -inf)
(-4.694959740974827e+123, -645.1471454508331, -1.316042936941621e+121)
(-1.0150690559258064e+63, -368.0584343467402, -2.9093964394169395e+60)
(-inf, -368.0584343467402, -inf)
(-1.1592602116861526e+61, -368.0584343467402, -4.7065771068241985e+58)
(-inf, -320.45455762347393, -inf)
(-7.810661666422474e+60, -368.0584343467402, -4.3697434416136074e+58)
(-inf, -368.0584343467402, -inf)
(-1.14095792956014e+63, -368.0584343467402, -3.1856622851281314e+60)
(-1.2086640336187692e+61, -361.5181162996562, -1.1125560465166283e+59)
(-inf, -368.0584343467402, -inf)
(-inf, -319.67302092971653, -inf)
(-inf, -368.0584343467402, -inf)
(-inf, -368.0584343467402, -inf)
(-inf, -368.0584343467402, -inf)
(-9.065690322154179e+62, -368.0584343467402, -2.5401312316113564e+60)
(-1.2950139668211755e+141, -368.0584343467402, -3.59726101894771e+138)
(-8.783776445917196e+60, -368.0584343467402, -4.321937186110204e+58)
(-1.25651477672368e+61, -368.0584343467402, -4.926371059184014e+58)
(-2.1058854591089543e+119, -368.0584343467402, -5.849681830858206e+116)
(-9.560385224829082e+60, -368.0584343467402, -9.618008869750521e+58)
(-inf, -389.6986967541683, -inf)
(-1.5031824290117957e+63, -368.0584343467402, -4.2391888500083906e+60)
(-inf, -368.0584343467402, -inf)
(-inf, -368.0584343467402, -inf)
(-inf, -368.0584343467402, -inf)
(-inf, -368.0584343467402, -inf)
(-inf, -368.0584343467402, -inf)
(-inf, -368.0584343467402, -inf)
(-inf, -364.73589408987687, -inf)
(-inf, -368.0584343467402, -inf)
(-inf, -377.5921428436355, -inf)
(-inf, -368.0584343467402, -inf)
(-8.609075935695682e+106, -368.0584343467402, -2.3914099821376895e+104)
(-inf, -368.0584343467402, -inf)
(-inf, -368.0584343467402, -inf)
(-inf, -368.0584343467402, -inf)
(-7.300613740979318e+60, -368.0584343467402, -2.0279482613831437e+58)
(-7.579976462001895e+124, -368.0584343467402, -2.1055490172227486e+122)
(-6.407212356711404e+60, -368.0584343467402, -4.28626773814294e+58)
(-1.0747137927145547e+63, -368.0584343467402, -3.0079030829089203e+60)
(-inf, -402.0036856737209, -inf)
(-inf, -368.0584343467402, -inf)
(-1.016940751647108e+63, -368.0584343467402, -7.795032996506693e+60)
(-inf, -364.73589408987687, -inf)
(-5.6793525819454715e+60, -368.0584343467402, -1.5775979394292977e+58)
(-4.2906612544760966e+135, -368.0584343467402, -1.1918503484655825e+133)
(-inf, -368.0584343467402, -inf)
(-2.3441351323820874e+61, -368.0584343467402, -1.30929353831157e+59)
(-inf, -368.0584343467402, -inf)
(-1.855916531895209e+33, -368.0584343467402, -5.15557832828104e+30)
(-inf, -292.42010162098245, -inf)
(-inf, -368.0584343467402, -inf)
(-inf, -368.0584343467402, -inf)
(-inf, -316.23590782254075, -inf)
(-inf, -368.0584343467402, -inf)
(-inf, -368.0584343467402, -inf)
(-9.654573743695952e+60, -368.0584343467402, -1.1350792365544707e+59)
(-6.0963321332410076e+60, -368.0584343467402, -1.6934255925669465e+58)
(-inf, -368.0584343467402, -inf)
(-inf, -368.0584343467402, -inf)
(-inf, -352.90034975834396, -inf)
(-1.2028452440933871e+63, -368.0584343467402, -3.4308901464803456e+60)
(-inf, -314.7275559794491, -inf)
(-6.678275925808639e+62, -368.0584343467402, -3.696399330625067e+60)
(-inf, -368.0584343467402, -inf)
(-inf, -368.0584343467402, -inf)
(-inf, -368.0584343467402, -inf)
(-inf, -368.0584343467402, -inf)
(-inf, -368.0584343467402, -inf)
(-inf, -368.0584343467402, -inf)
(-inf, -686.4338933734782, -inf)
(-8.347184410900369e+60, -368.0584343467402, -1.083451095519715e+59)
(-7.008825180705069e+60, -368.0584343467402, -3.714256143172605e+58)
(-9.89098044348436e+60, -355.3923746821575, -4.5383125477914144e+58)
(-1.1796762653680503e+63, -368.0584343467402, -3.326315305501371e+60)
(-1.5467904758491342e+65, -368.0584343467402, -4.296640210692039e+62)
(-inf, -368.0584343467402, -inf)
(-inf, -368.0584343467402, -inf)
(-inf, -368.0584343467402, -inf)
(-inf, -368.0584343467402, -inf)
(-inf, -645.1471454508331, -inf)
(-inf, -368.0584343467402, -inf)
(-inf, -368.0584343467402, -inf)
(-inf, -355.3923746821575, -inf)
(-8.973424968913461e+60, -368.0584343467402, -4.6907326119342777e+58)
(-1.6412788234190723e+63, -368.0584343467402, -4.640008386245488e+60)
(-8.595550281983531e+62, -368.0584343467402, -2.49310001829719e+60)
(-inf, -368.0584343467402, -inf)
(-inf, -368.0584343467402, -inf)
(-inf, -368.0584343467402, -inf)
(-inf, -352.90034975834396, -inf)
(-inf, -368.0584343467402, -inf)
(-inf, -355.3923746821575, -inf)
(-inf, -368.0584343467402, -inf)
(-inf, -368.0584343467402, -inf)
(-1.4899337804348579e+63, -368.0584343467402, -4.160561535463238e+60)
(-inf, -368.0584343467402, -inf)
(-inf, -352.095329087763, -inf)
(-inf, -355.3923746821575, -inf)
(-inf, -368.0584343467402, -inf)
(-inf, -375.11554949389176, -inf)
(-inf, -368.0584343467402, -inf)
(-inf, -368.0584343467402, -inf)
(-8.232979454922552e+60, -368.0584343467402, -4.447458200100718e+58)
(-1.1418104046837828e+61, -355.3923746821575, -9.585863767567756e+58)
(-inf, -368.0584343467402, -inf)
(-2.1058854591089543e+119, -368.0584343467402, -5.849681830858206e+116)
(-6.457795282814756e+60, -368.0584343467402, -3.120863614083273e+58)
(-inf, -368.0584343467402, -inf)
(-1.1264078487739104e+63, -368.0584343467402, -5.415458476458288e+60)
(-inf, -301.60013042600406, -inf)
(-inf, -368.0584343467402, -inf)
(-inf, -368.0584343467402, -inf)
(-inf, -368.0584343467402, -inf)
(-inf, -368.0584343467402, -inf)
(-9.48952022640995e+62, -368.0584343467402, -2.7475925305691822e+60)
(-inf, -368.0584343467402, -inf)
(-inf, -368.0584343467402, -inf)
(-1.2150708066604013e+63, -368.0584343467402, -3.4069795243823274e+60)
(-inf, -368.0584343467402, -inf)
(-4.066703884489998e+123, -671.0127519981825, -1.7992428117445414e+121)
(-1.064919490613359e+61, -368.0584343467402, -4.715410572074199e+58)
(-4.609549282716256e+118, -368.0584343467402, -1.2804303563100711e+116)
(-7.635061162380575e+60, -368.0584343467402, -7.546316732157179e+58)
(-inf, -368.0584343467402, -inf)
(-inf, -368.0584343467402, -inf)
(-inf, -368.0584343467402, -inf)
(-inf, -368.0584343467402, -inf)
(-inf, -364.73589408987687, -inf)
(-inf, -368.0584343467402, -inf)
(-inf, -645.1471454508331, -inf)
(-1.7654881886930902e+82, -368.0584343467402, -4.904133857480806e+79)
(-inf, -368.0584343467402, -inf)
(-inf, -368.0584343467402, -inf)
(-inf, -368.0584343467402, -inf)
(-inf, -368.0584343467402, -inf)
(-9.516514909169367e+60, -368.0584343467402, -7.266041653758636e+58)
(-inf, -368.0584343467402, -inf)
(-7.379393614638585e+62, -368.0584343467402, -2.0912570836189317e+60)
(-inf, -368.0584343467402, -inf)
(-inf, -645.1471454508331, -inf)
(-inf, -364.73589408987687, -inf)
(-3.9301533450854916e+104, -368.0584343467402, -1.0917092625237476e+102)
(-1.0823379881300556e+61, -368.0584343467402, -9.777531873182159e+58)
(-inf, -368.0584343467402, -inf)
(-inf, -368.0584343467402, -inf)
(-9.51260157440694e+60, -368.0584343467402, -5.277707564298202e+58)
(-inf, -361.5181162996562, -inf)
(-inf, -368.0584343467402, -inf)
(-inf, -368.0584343467402, -inf)
(-inf, -360.1108317080835, -inf)
(-inf, -368.0584343467402, -inf)
(-inf, -368.0584343467402, -inf)
(-inf, -368.0584343467402, -inf)
(-inf, -355.3923746821575, -inf)
(-inf, -368.0584343467402, -inf)
(-inf, -364.73589408987687, -inf)
(-2.1058854591089543e+119, -355.3923746821575, -5.849681830858206e+116)
(-5.750712364654959e+61, -368.0584343467402, -2.0898125784310747e+59)
(-inf, -368.0584343467402, -inf)
(-3.519477796237815e+123, -679.9912805922886, -1.8976723034254003e+121)
(-8.952270168334737e+60, -368.0584343467402, -6.672586535911805e+58)
(-inf, -368.0584343467402, -inf)
(-inf, -368.0584343467402, -inf)
(-1.0553303103103211e+61, -368.0584343467402, -1.0465844061653204e+59)
(-1.0422423315919037e+61, -368.0584343467402, -4.8376678627316434e+58)
(-1.0071346068621352e+61, -368.0584343467402, -1.235739544894619e+59)
(-inf, -368.0584343467402, -inf)
(-inf, -368.0584343467402, -inf)
(-inf, -368.0584343467402, -inf)
(-3.7472936997622737e+121, -640.3865714407953, -2.4613631783882254e+119)
(-inf, -368.0584343467402, -inf)
(-1.3400051298462284e+63, -368.0584343467402, -3.77266586954735e+60)
(-inf, -368.0584343467402, -inf)
(-1.5100708604062075e+63, -368.0584343467402, -7.580830208860418e+60)
(-inf, -333.5493820356821, -inf)
(-1.4506606176179639e+127, -368.0584343467402, -4.0296128852133847e+124)
(-inf, -368.0584343467402, -inf)
(-7.270533635780903e+60, -368.0584343467402, -6.132073872277599e+58)
(-inf, -368.0584343467402, -inf)
(-inf, -686.4338933734782, -inf)
(-inf, -368.0584343467402, -inf)
(-inf, -329.31682181699057, -inf)
(-inf, -355.3923746821575, -inf)
(-inf, -368.0584343467402, -inf)
(-inf, -368.0584343467402, -inf)
(-5.442246117252607e+62, -368.0584343467402, -1.5354219266396425e+60)
(-1.1534842528868035e+63, -368.0584343467402, -3.3044992251922066e+60)
(-5.1634424094888116e+60, -368.0584343467402, -1.4342895581913365e+58)
(-8.123060606866075e+60, -368.0584343467402, -5.878516781064909e+58)
(-inf, -645.1471454508331, -inf)
(-1.420657061156542e+63, -368.0584343467402, -6.189364509589909e+60)
(-4.6524076118885524e+60, -368.0584343467402, -1.29233544774682e+58)
(-inf, -368.0584343467402, -inf)
(-inf, -355.3923746821575, -inf)
(-inf, -368.0584343467402, -inf)
(-inf, -368.0584343467402, -inf)
(-1.0799042615855864e+61, -368.0584343467402, -1.2103985188849968e+59)
(-inf, -368.0584343467402, -inf)
(-inf, -368.0584343467402, -inf)
(-5.1900553295318615e+123, -293.4284865867426, -1.4464965866042927e+121)
(-inf, -368.0584343467402, -inf)
(-inf, -368.0584343467402, -inf)
(-1.5483038086467631e+63, -368.0584343467402, -1.0726684646259925e+61)
(-inf, -368.0584343467402, -inf)
(-inf, -368.0584343467402, -inf)
(-6.791041395044468e+60, -368.0584343467402, -1.886400387512352e+58)
(-2.0996457984893726e+119, -368.0584343467402, -5.832349440248257e+116)
(-inf, -368.0584343467402, -inf)
(-5.471170082144018e+90, -368.0584343467402, -1.5197694672622271e+88)
(-2.1964021420239946e+123, -320.77469654378615, -6.244732497066729e+120)
(-2.1058854591089543e+119, -368.0584343467402, -1.1660365782844024e+117)
(-inf, -368.0584343467402, -inf)
(-9.932619391751442e+62, -368.0584343467402, -2.816983086534861e+60)
(-9.226053579660556e+60, -368.0584343467402, -5.240125762419818e+58)
(-3.67722124541141e+43, -368.0584343467402, -1.0214503471926651e+41)
(-inf, -312.8589430780104, -inf)
(-inf, -368.0584343467402, -inf)
(-inf, -368.0584343467402, -inf)
(-9.035626244804442e+60, -368.0584343467402, -7.31590752384796e+58)
(-inf, -686.4338933734782, -inf)
(-inf, -368.0584343467402, -inf)
(-8.04633033013209e+60, -368.0584343467402, -4.293699557885422e+58)
(-inf, -368.0584343467402, -inf)
(-inf, -368.0584343467402, -inf)
(-inf, -368.0584343467402, -inf)
(-8.541120992827591e+134, -368.0584343467402, -2.3725336091187752e+132)
(-9.397149883852382e+60, -368.0584343467402, -8.381423827707104e+58)
(-inf, -368.0584343467402, -inf)
(-1.0830086070437802e+61, -368.0584343467402, -8.025918969136556e+58)